t_wall,x,y,z
0.0000,0.00000,0.00000,0.00000
0.0109,0.00000,0.00000,0.00000
0.0219,0.00000,0.00000,0.00000
0.0321,0.00000,0.00000,0.00000
0.0421,0.00000,0.00000,0.00000
0.0520,0.00000,0.00000,0.00000
0.0622,0.00000,0.00000,0.00000
0.0734,0.00000,0.00000,0.00000
0.0844,0.00000,0.00000,0.00000
0.0951,0.00000,0.00000,0.00000
0.0956,0.00000,0.00000,0.00000
0.1061,0.00000,0.00000,0.00000
0.1170,0.00000,0.00000,0.00000
0.1278,0.00000,0.00000,0.00000
0.1387,0.00000,0.00000,0.00000
0.1495,0.00000,0.00000,0.00000
0.1604,0.00000,0.00000,0.00000
0.1712,0.00000,0.00000,0.00000
0.1832,0.00000,0.00000,0.00000
0.1938,0.00000,0.00000,0.00000
0.2049,0.00000,0.00000,0.00000
0.2053,0.00000,0.00000,0.00000
0.2160,0.00000,0.00000,0.00000
0.2266,0.00000,0.00000,0.00000
0.2374,0.00000,0.00000,0.00000
0.2478,0.00000,0.00000,0.00000
0.2587,0.00000,0.00000,0.00000
0.2701,0.00000,0.00000,0.00000
0.2806,0.00000,0.00000,0.00000
0.2944,0.00000,0.00000,0.00000
0.3107,0.00000,0.00000,0.00000
0.3112,0.00000,0.00000,0.00000
0.3235,0.00000,0.00000,0.00000
0.3377,0.00000,0.00000,0.00000
0.3384,0.00000,0.00000,0.00000
0.3511,0.00000,0.00000,0.00000
0.3631,0.00000,0.00000,0.00000
0.4410,0.00000,0.00000,0.00000
0.4414,0.00000,0.00000,0.00000
0.4541,0.00000,0.00000,0.00000
0.4549,0.00000,0.00000,0.00000
0.4554,0.00000,0.00000,0.00000
0.4559,0.00000,0.00000,0.00000
0.4563,0.00000,0.00000,0.00000
0.4569,0.00000,0.00000,0.00000
0.4574,0.00000,0.00000,0.00000
0.4697,0.00000,0.00000,0.00000
0.4703,0.00000,0.00000,0.00000
0.4835,0.00000,0.00000,0.00000
0.4983,0.00000,0.00000,0.00000
0.4989,0.00000,0.00000,0.00000
0.5139,0.00000,0.00000,0.00000
0.5251,0.00000,0.00000,0.00000
0.5256,0.00000,0.00000,0.00000
0.5365,0.00000,0.00000,0.00000
0.5473,0.00000,0.00000,0.00000
0.5578,0.00000,0.00000,0.00000
0.5687,0.00000,0.00000,0.00000
0.5788,0.00000,0.00000,0.00000
0.5888,0.00000,0.00000,0.00000
0.5991,0.00000,0.00000,0.00000
0.6094,0.00000,0.00000,0.00000
0.6232,0.00000,0.00000,0.00000
0.6377,0.00000,0.00000,0.00000
0.6384,0.00000,0.00000,0.00000
0.6521,0.00000,0.00000,0.00000
0.6651,0.00000,0.00000,0.00000
0.6659,0.00000,0.00000,0.00000
0.6780,0.00000,0.00000,0.00000
0.6893,0.00000,0.00000,0.00000
0.7001,0.00000,0.00000,0.00000
0.7109,0.00000,0.00000,0.00000
0.7219,0.00000,0.00000,0.00000
0.7325,0.00000,0.00000,0.00000
0.7431,0.00000,0.00000,0.00000
0.7540,0.00000,0.00000,0.00000
0.7659,0.00000,0.00000,0.00000
0.7664,0.00000,0.00000,0.00000
0.7778,0.00000,0.00000,0.00000
0.7892,0.00000,0.00000,0.00000
0.8000,0.00000,0.00000,0.00000
0.8112,0.00000,0.00000,0.00000
0.8221,0.00000,0.00000,0.00000
0.8323,0.00000,0.00000,0.00000
0.8427,0.00000,0.00000,0.00000
0.8524,0.00000,0.00000,0.00000
0.8633,0.00000,0.00000,0.00000
0.8768,0.00000,0.00000,0.00000
0.8773,0.00000,0.00000,0.00000
0.8888,0.00000,0.00000,0.00000
0.9013,0.00000,0.00000,0.00000
0.9139,0.00000,0.00000,0.00000
0.9255,0.00000,0.00000,0.00000
0.9261,0.00000,0.00000,0.00000
0.9600,0.00000,0.00000,0.00000
1.0039,0.00000,0.00000,0.00000
1.0056,0.00000,0.00000,0.00000
1.0095,0.00000,0.00000,0.00000
1.0106,0.00000,0.00000,0.00000
1.0117,0.00000,0.00000,0.00000
1.0127,0.00000,0.00000,0.00000
1.0634,0.00000,0.00000,0.00000
1.1740,0.00000,0.00000,0.00000
1.1754,0.00000,0.00000,0.00000
1.2985,0.00000,0.00000,0.00000
1.3008,0.00000,0.00000,0.00000
1.3019,0.00000,0.00000,0.00000
1.3238,0.00000,0.00000,0.00000
1.3247,0.00000,0.00000,0.00000
1.3256,0.00000,0.00000,0.00000
1.3275,0.00000,0.00000,0.00000
1.3282,0.00000,0.00000,0.00000
1.3291,0.00000,0.00000,0.00000
1.3298,0.00000,0.00000,0.00000
1.3319,0.00000,0.00000,0.00000
1.3328,0.00000,0.00000,0.00000
1.3336,0.00000,0.00000,0.00000
1.3342,0.00000,0.00000,0.00000
1.3349,0.00000,0.00000,0.00000
1.3357,0.00000,0.00000,0.00000
1.3364,0.00000,0.00000,0.00000
1.3370,0.00000,0.00000,0.00000
1.3376,0.00000,0.00000,0.00000
1.3383,0.00000,0.00000,0.00000
1.3389,0.00000,0.00000,0.00000
1.3395,0.00000,0.00000,0.00000
1.3401,0.00000,0.00000,0.00000
1.3406,0.00000,0.00000,0.00000
1.3412,0.00000,0.00000,0.00000
1.3418,0.00000,0.00000,0.00000
1.3426,0.00000,0.00000,0.00000
1.3432,0.00000,0.00000,0.00000
1.3439,0.00000,0.00000,0.00000
1.3604,0.00000,0.00000,0.00000
1.3611,0.00000,0.00000,0.00000
1.3617,0.00000,0.00000,0.00000
1.3624,0.00000,0.00000,0.00000
1.3786,0.00000,0.00000,0.00000
1.3793,0.00000,0.00000,0.00000
1.3955,0.00000,0.00000,0.00000
1.3962,0.00000,0.00000,0.00000
1.4108,0.00000,0.00000,0.00000
1.4258,0.00000,0.00000,0.00000
1.4266,0.00000,0.00000,0.00000
1.4406,0.00000,0.00000,0.00000
1.4569,0.00000,0.00000,0.00000
1.4578,0.00000,0.00000,0.00000
1.4766,0.00000,0.00000,0.00000
1.4773,0.00000,0.00000,0.00000
1.4939,0.00000,0.00000,0.00000
1.5107,0.00000,0.00000,0.00000
1.5114,0.00000,0.00000,0.00000
1.5250,0.00000,0.00000,0.00000
1.5256,0.00000,0.00000,0.00000
1.5446,0.00000,0.00000,0.00000
1.5575,0.00000,0.00000,0.00000
1.5582,0.00000,0.00000,0.00000
1.5711,0.00000,0.00000,0.00000
1.5842,0.00000,0.00000,0.00000
1.5980,0.00000,0.00000,0.00000
1.5987,0.00000,0.00000,0.00000
1.6179,0.00000,0.00000,0.00000
1.6186,0.00000,0.00000,0.00000
1.6326,0.00000,0.00000,0.00000
1.6451,0.00000,0.00000,0.00000
1.6457,0.00000,0.00000,0.00000
1.6577,0.00000,0.00000,0.00000
1.6702,0.00000,0.00000,0.00000
1.6818,0.00000,0.00000,0.00000
1.6933,0.00000,0.00000,0.00000
1.7052,0.00000,0.00000,0.00000
1.7057,0.00000,0.00000,0.00000
1.7169,0.00000,0.00000,0.00000
1.7289,0.00000,0.00000,0.00000
1.7417,0.00000,0.00000,0.00000
1.7530,0.00000,0.00000,0.00000
1.7647,0.00000,0.00000,0.00000
1.7653,0.00000,0.00000,0.00000
1.7770,0.00000,0.00000,0.00000
1.7896,0.00000,0.00000,0.00000
1.8015,0.00000,0.00000,0.00000
1.8136,0.00000,0.00000,0.00000
1.8253,0.00000,0.00000,0.00000
1.8258,0.00000,0.00000,0.00000
1.8366,0.00000,0.00000,0.00000
1.8476,0.00000,0.00000,0.00000
1.8593,0.00000,0.00000,0.00000
1.8704,0.00000,0.00000,0.00000
1.8813,0.00000,0.00000,0.00000
1.8920,0.00003,0.00000,0.00000
1.9027,0.00000,-0.00000,0.00000
1.9137,0.00000,0.00103,0.00000
1.9253,0.00000,0.00311,0.00000
1.9260,0.00000,0.00620,0.00000
1.9373,0.00000,0.01032,0.00000
1.9487,0.00000,0.01544,0.00000
1.9608,0.00000,0.02156,0.00000
1.9726,0.00000,0.02868,0.00000
1.9833,0.00000,0.03676,0.00000
1.9945,0.00000,0.04581,0.00000
2.0052,0.00000,0.05581,0.00000
2.0058,0.00000,0.06675,0.00000
2.0165,0.00000,0.07861,0.00000
2.0283,0.00000,0.09138,0.00000
2.0397,0.00000,0.10504,0.00000
2.0514,0.00000,0.11957,0.00000
2.0633,0.00000,0.13496,0.00000
2.0743,0.00000,0.15120,0.00000
2.0853,0.00000,0.16825,0.00000
2.0860,0.00000,0.18612,0.00000
2.0981,0.00000,0.20476,0.00000
2.1095,0.00000,0.22417,0.00000
2.1203,0.00000,0.24434,0.00000
2.1313,0.00000,0.26522,0.00000
2.1421,0.00000,0.28718,0.00000
2.1528,0.00000,0.31036,0.00000
2.1642,0.00000,0.33702,0.00000
2.1761,0.00000,0.36927,0.00000
2.1768,0.00000,0.40694,0.00000
2.1900,0.00000,0.44984,-0.00001
2.2008,0.00000,0.49779,-0.00002
2.2111,0.00000,0.55070,-0.00002
2.2219,0.00000,0.60850,-0.00003
2.2333,0.00000,0.67111,-0.00004
2.2441,0.00000,0.73847,-0.00005
2.2550,0.00000,0.81051,-0.00005
2.2556,0.00000,0.88717,-0.00006
2.2671,0.00000,0.96837,-0.00007
2.2776,0.00000,1.05403,-0.00008
2.2881,0.00000,1.14406,-0.00008
2.2995,0.00000,1.23838,-0.00009
2.3104,0.00000,1.33691,-0.00010
2.3211,0.00000,1.43956,-0.00011
2.3333,0.00000,1.54627,-0.00011
2.3456,0.00000,1.65697,-0.00012
2.3463,0.00000,1.77159,-0.00013
2.3573,0.00000,1.89008,-0.00014
2.3684,0.00000,2.01237,-0.00014
2.3800,0.00000,2.13842,-0.00015
2.3911,0.00000,2.26822,-0.00016
2.4018,0.00000,2.40178,-0.00017
2.4123,0.00000,2.53906,-0.00018
2.4236,0.00000,2.68004,-0.00018
2.4347,0.00000,2.82468,-0.00019
2.4353,0.00000,2.97293,-0.00020
2.4459,0.00000,3.12473,-0.00021
2.4565,0.00000,3.28003,-0.00021
2.4675,0.00000,3.43880,-0.00022
2.4782,0.00000,3.60099,-0.00023
2.4896,0.00000,3.76653,-0.00024
2.5002,0.00000,3.93538,-0.00024
2.5102,0.00000,4.10748,-0.00025
2.5201,0.00000,4.28278,-0.00027
2.5302,-0.00006,4.46122,-0.00029
2.5407,-0.00012,4.64276,-0.00033
2.5522,-0.00018,4.82734,-0.00036
2.5632,-0.00046,5.01455,-0.00039
2.5739,-0.00076,5.20462,-0.00039
2.5846,-0.00098,5.39751,-0.00035
2.5953,-0.00098,5.59317,-0.00027
2.5959,-0.00140,5.79032,-0.00008
2.6073,-0.00143,5.98976,0.00015
2.6186,-0.00070,6.19165,0.00045
2.6299,0.00110,6.39583,0.00080
2.6410,0.00427,6.60222,0.00121
2.6521,0.00906,6.81063,0.00167
2.6635,0.01593,7.02096,0.00222
2.6812,0.02527,7.23306,0.00286
2.6818,0.03751,7.44670,0.00363
2.6924,0.05307,7.66166,0.00455
2.7045,0.07233,7.87764,0.00565
2.7159,0.09561,8.09427,0.00697
2.7166,0.12329,8.31118,0.00854
2.7274,0.15564,8.52795,0.01044
2.7385,0.19293,8.74426,0.01269
2.7486,0.23538,8.95966,0.01534
2.7577,0.28323,9.17366,0.01847
2.7661,0.33664,9.38580,0.02213
2.7825,0.39569,9.59555,0.02637
2.7904,0.46069,9.80217,0.03130
2.7979,0.53033,10.00482,0.03686
2.8053,0.60556,10.20314,0.04339
2.8206,0.68640,10.39755,0.05077
2.8275,0.77283,10.58818,0.05894
2.8352,0.86472,10.77510,0.06792
2.8507,0.96201,10.95835,0.07768
2.8583,1.06461,11.13797,0.08820
2.8658,1.17242,11.31396,0.09948
2.8803,1.28540,11.48639,0.11150
2.8875,1.40344,11.65525,0.12425
2.8948,1.52646,11.82060,0.13773
2.9095,1.65439,11.98246,0.15191
2.9171,1.78714,12.14087,0.16679
2.9319,1.92465,12.29585,0.18235
2.9391,2.06683,12.44745,0.19859
2.9466,2.21359,12.59562,0.21550
2.9618,2.36484,12.74041,0.23306
2.9693,2.52051,12.88185,0.25126
2.9768,2.68054,13.01997,0.27010
2.9917,2.84488,13.15482,0.28955
2.9994,3.01343,13.28641,0.30962
3.0068,3.18616,13.41479,0.33030
3.0146,3.36298,13.53998,0.35157
3.0299,3.54382,13.66201,0.37343
3.0376,3.72867,13.78091,0.39587
3.0454,3.91742,13.89671,0.41887
3.0609,4.11002,14.00943,0.44244
3.0687,4.30637,14.11903,0.46658
3.0764,4.50647,14.22558,0.49126
3.0920,4.71024,14.32914,0.51649
3.0998,4.91751,14.42971,0.54222
3.1075,5.12772,14.52729,0.56846
3.1152,5.34116,14.62208,0.59513
3.1306,5.55792,14.71428,0.62222
3.1386,5.77792,14.80400,0.64963
3.1467,6.00116,14.89143,0.67733
3.1547,6.22754,14.97675,0.70528
3.1714,6.45703,15.06013,0.73341
3.1796,6.68961,15.14172,0.76167
3.1877,6.92517,15.22170,0.79004
3.1961,7.16373,15.30026,0.81846
3.2130,7.40518,15.37756,0.84687
3.2213,7.64957,15.45379,0.87521
3.2296,7.89676,15.52911,0.90344
3.2382,8.14667,15.60365,0.93152
3.2480,8.39926,15.67753,0.95940
3.2574,8.65442,15.75088,0.98705
3.2670,8.91205,15.82383,1.01443
3.2767,9.17209,15.89648,1.04147
3.2861,9.43442,15.96894,1.06817
3.2960,9.69901,16.04133,1.09446
3.3068,9.96460,16.11381,1.12019
3.3176,10.23196,16.18641,1.14543
3.3280,10.50140,16.25913,1.17017
3.3392,10.77289,16.33195,1.19441
3.3500,11.04642,16.40484,1.21819
3.3599,11.32193,16.47779,1.24149
3.3699,11.59943,16.55077,1.26433
3.3800,11.87885,16.62377,1.28670
3.3905,12.16013,16.69678,1.30861
3.4008,12.44327,16.76978,1.33006
3.4109,12.72821,16.84277,1.35106
3.4211,13.01495,16.91573,1.37160
3.4307,13.30344,16.98865,1.39171
3.4411,13.59363,17.06152,1.41136
3.4511,13.88550,17.13433,1.43057
3.4613,14.17905,17.20707,1.44935
3.4717,14.47421,17.27973,1.46769
3.4827,14.77100,17.35230,1.48560
3.4924,15.06937,17.42479,1.50307
3.5029,15.36932,17.49719,1.52011
3.5125,15.67084,17.56949,1.53673
3.5219,15.97388,17.64169,1.55292
3.5313,16.27841,17.71378,1.56868
3.5412,16.58444,17.78575,1.58402
3.5507,16.89194,17.85759,1.59895
3.5603,17.20084,17.92931,1.61346
3.5698,17.51117,18.00088,1.62756
3.5794,17.82288,18.07231,1.64126
3.5892,18.13596,18.14359,1.65455
3.5988,18.45035,18.21470,1.66743
3.6085,18.76605,18.28565,1.67992
3.6182,19.08301,18.35641,1.69202
3.6280,19.40125,18.42699,1.70371
3.6379,19.72070,18.49738,1.71502
3.6474,20.04138,18.56757,1.72594
3.6575,20.36325,18.63756,1.73647
3.6675,20.68628,18.70735,1.74663
3.6767,21.01047,18.77693,1.75640
3.6861,21.33575,18.84628,1.76580
3.6957,21.66214,18.91541,1.77483
3.7055,21.98965,18.98413,1.78335
3.7153,22.31824,19.05261,1.79150
3.7250,22.64786,19.12083,1.79929
3.7354,22.97849,19.18884,1.80676
3.7454,23.31009,19.25665,1.81390
3.7550,23.64255,19.32434,1.82080
3.7739,23.97586,19.39199,1.82751
3.7835,24.30994,19.45967,1.83407
3.7936,24.64471,19.52749,1.84058
3.8053,24.98007,19.59552,1.84715
3.8060,25.31592,19.66386,1.85384
3.8161,25.65225,19.73252,1.86068
3.8274,25.98898,19.80159,1.86777
3.8386,26.32538,19.87089,1.87532
3.8494,26.66196,19.94061,1.88322
3.8599,26.99887,20.01078,1.89142
3.8704,27.33612,20.08139,1.89989
3.8807,27.67371,20.15243,1.90865
3.8953,28.01160,20.22388,1.91766
3.8959,28.34982,20.29575,1.92696
3.9122,28.68835,20.36801,1.93652
3.9231,29.02719,20.44067,1.94633
3.9338,29.36630,20.51372,1.95642
3.9443,29.70572,20.58714,1.96677
3.9549,30.04541,20.66094,1.97736
3.9556,30.38535,20.73510,1.98821
3.9665,30.72556,20.80962,1.99931
3.9772,31.06601,20.88449,2.01067
3.9879,31.40671,20.95971,2.02226
3.9990,31.74765,21.03525,2.03410
4.0103,32.08884,21.11112,2.04619
4.0213,32.43024,21.18730,2.05851
4.0325,32.77185,21.26379,2.07107
4.0431,33.11365,21.34059,2.08385
4.0541,33.45566,21.41768,2.09687
4.0646,33.79785,21.49505,2.11012
4.0754,34.14023,21.57271,2.12359
4.0761,34.48279,21.65065,2.13728
4.0868,34.82553,21.72886,2.15120
4.0978,35.16846,21.80734,2.16534
4.1086,35.51154,21.88608,2.17970
4.1198,35.85480,21.96508,2.19427
4.1309,36.19821,22.04435,2.20905
4.1422,36.54178,22.12386,2.22405
4.1534,36.88550,22.20362,2.23927
4.1645,37.22937,22.28362,2.25468
4.1759,37.57339,22.36385,2.27031
4.1766,37.91757,22.44432,2.28614
4.1879,38.26187,22.52503,2.30217
4.1993,38.60632,22.60596,2.31840
4.2104,38.95090,22.68711,2.33483
4.2215,39.29562,22.76849,2.35146
4.2328,39.64047,22.85007,2.36828
4.2437,39.98544,22.93188,2.38529
4.2540,40.33054,23.01389,2.40250
4.2657,40.67575,23.09611,2.41990
4.2663,41.02109,23.17853,2.43748
4.2772,41.36652,23.26115,2.45526
4.2884,41.71207,23.34396,2.47322
4.2998,42.05774,23.42698,2.49136
4.3111,42.40350,23.51017,2.50969
4.3217,42.74939,23.59356,2.52819
4.3324,43.09537,23.67713,2.54688
4.3436,43.44144,23.76088,2.56573
4.3548,43.78760,23.84481,2.58477
4.3555,44.13388,23.92892,2.60398
4.3674,44.48026,24.01320,2.62336
4.3786,44.82672,24.09765,2.64291
4.3898,45.17328,24.18227,2.66264
4.4013,45.51990,24.26705,2.68253
4.4124,45.86661,24.35200,2.70258
4.4238,46.21341,24.43710,2.72280
4.4351,46.56030,24.52237,2.74319
4.4358,46.90726,24.60778,2.76373
4.4478,47.25430,24.69336,2.78444
4.4594,47.60141,24.77908,2.80531
4.4704,47.94861,24.86494,2.82633
4.4817,48.29587,24.95096,2.84751
4.4934,48.64319,25.03712,2.86885
4.5043,48.99060,25.12342,2.89034
4.5152,49.33807,25.20986,2.91199
4.5159,49.68561,25.29644,2.93378
4.5267,50.03320,25.38315,2.95573
4.5379,50.38086,25.46999,2.97782
4.5490,50.72861,25.55698,3.00006
4.5597,51.07642,25.64410,3.02245
4.5708,51.42432,25.73138,3.04499
4.5817,51.77231,25.81881,3.06767
4.5928,52.12039,25.90638,3.09050
4.6038,52.46857,25.99410,3.11348
4.6149,52.81680,26.08198,3.13660
4.6155,53.16513,26.17000,3.15986
4.6262,53.51355,26.25817,3.18327
4.6373,53.86206,26.34648,3.20681
4.6491,54.21066,26.43494,3.23049
4.6600,54.55936,26.52354,3.25432
4.6713,54.90811,26.61228,3.27828
4.6829,55.25696,26.70116,3.30238
4.6943,55.60590,26.79017,3.32661
4.7059,55.95490,26.87932,3.35098
4.7066,56.30399,26.96860,3.37547
4.7173,56.65314,27.05801,3.40010
4.7279,57.00235,27.14754,3.42486
4.7384,57.35165,27.23721,3.44975
4.7494,57.70102,27.32700,3.47476
4.7606,58.05045,27.41690,3.49991
4.7720,58.39993,27.50693,3.52518
4.7836,58.74948,27.59708,3.55057
4.7943,59.09909,27.68734,3.57609
4.8046,59.44876,27.77772,3.60173
4.8151,59.79849,27.86821,3.62749
4.8157,60.14828,27.95881,3.65337
4.8257,60.49814,28.04951,3.67937
4.8365,60.84805,28.14033,3.70549
4.8482,61.19803,28.23126,3.73173
4.8590,61.54803,28.32228,3.75808
4.8700,61.89810,28.41341,3.78455
4.8823,62.24823,28.50464,3.81113
4.8930,62.59839,28.59597,3.83782
4.9039,62.94861,28.68740,3.86463
4.9147,63.29886,28.77892,3.89155
4.9154,63.64917,28.87053,3.91858
4.9262,63.99951,28.96224,3.94572
4.9373,64.34991,29.05404,3.97295
4.9485,64.70035,29.14592,4.00027
4.9591,65.05084,29.23789,4.02769
4.9695,65.40134,29.32995,4.05521
4.9800,65.75192,29.42210,4.08284
4.9906,66.10251,29.51434,4.11060
5.0010,66.45312,29.60667,4.13849
5.0127,66.80377,29.69909,4.16653
5.0232,67.15442,29.79159,4.19475
5.0336,67.50510,29.88419,4.22314
5.0441,67.85580,29.97689,4.25174
5.0557,68.20651,30.06967,4.28056
5.0564,68.55719,30.16254,4.30961
5.0673,68.90790,30.25550,4.33892
5.0778,69.25858,30.34853,4.36851
5.0886,69.60922,30.44164,4.39838
5.1000,69.95981,30.53481,4.42856
5.1109,70.31036,30.62805,4.45907
5.1221,70.66086,30.72136,4.48992
5.1335,71.01132,30.81472,4.52113
5.1447,71.36172,30.90815,4.55273
5.1455,71.71210,31.00162,4.58472
5.1561,72.06241,31.09515,4.61713
5.1675,72.41269,31.18872,4.64998
5.1778,72.76291,31.28233,4.68329
5.1883,73.11307,31.37597,4.71708
5.2003,73.46320,31.46965,4.75136
5.2115,73.81323,31.56335,4.78616
5.2224,74.16324,31.65707,4.82148
5.2330,74.51315,31.75081,4.85737
5.2441,74.86304,31.84458,4.89384
5.2548,75.21286,31.93835,4.93093
5.2555,75.56262,32.03212,4.96866
5.2669,75.91232,32.12590,5.00699
5.2780,76.26193,32.21965,5.04595
5.2884,76.61148,32.31336,5.08553
5.2992,76.96097,32.40708,5.12572
5.3101,77.31042,32.50081,5.16652
5.3216,77.65982,32.59454,5.20790
5.3319,78.00922,32.68829,5.24988
5.3425,78.35855,32.78205,5.29244
5.3532,78.70786,32.87582,5.33559
5.3638,79.05716,32.96962,5.37933
5.3744,79.40643,33.06342,5.42363
5.3866,79.75568,33.15725,5.46851
5.3873,80.10489,33.25109,5.51395
5.3977,80.45407,33.34494,5.55996
5.4085,80.80322,33.43882,5.60653
5.4193,81.15234,33.53270,5.65365
5.4304,81.50146,33.62661,5.70132
5.4416,81.85056,33.72052,5.74953
5.4531,82.19958,33.81444,5.79827
5.4639,82.54858,33.90837,5.84755
5.4748,82.89755,34.00229,5.89735
5.4755,83.24643,34.09619,5.94767
5.4867,83.59528,34.19009,5.99850
5.4969,83.94406,34.28396,6.04984
5.5073,84.29230,34.37743,6.10152
5.5179,84.64035,34.47077,6.15364
5.5281,84.98679,34.56279,6.20573
5.5387,85.33102,34.65305,6.25757
5.5491,85.67279,34.74128,6.30906
5.5597,86.01212,34.82750,6.36021
5.5708,86.34906,34.91177,6.41102
5.5810,86.68365,34.99411,6.46150
5.5917,87.01596,35.07457,6.51167
5.6025,87.34601,35.15316,6.56154
5.6137,87.67386,35.22993,6.61110
5.6243,87.99939,35.30477,6.66032
5.6351,88.32263,35.37770,6.70919
5.6357,88.64362,35.44877,6.75774
5.6459,88.96237,35.51796,6.80594
5.6563,89.27896,35.58535,6.85383
5.6666,89.59351,35.65102,6.90144
5.6767,89.90598,35.71495,6.94875
5.6870,90.21640,35.77715,6.99577
5.6977,90.52481,35.83764,7.04250
5.7081,90.83124,35.89647,7.08895
5.7185,91.13571,35.95362,7.13512
5.7290,91.43823,36.00911,7.18100
5.7395,91.73880,36.06295,7.22661
5.7500,92.03748,36.11518,7.27194
5.7604,92.33426,36.16578,7.31700
5.7711,92.62927,36.21482,7.36180
5.7811,92.92249,36.26229,7.40634
5.7910,93.21393,36.30819,7.45062
5.8013,93.50360,36.35254,7.49464
5.8111,93.79153,36.39533,7.53839
5.8211,94.07771,36.43657,7.58189
5.8313,94.36217,36.47628,7.62511
5.8414,94.64491,36.51446,7.66809
5.8517,94.92598,36.55114,7.71081
5.8618,95.20538,36.58634,7.75328
5.8718,95.48315,36.62005,7.79550
5.8818,95.75929,36.65230,7.83748
5.8918,96.03383,36.68309,7.87921
5.9017,96.30678,36.71245,7.92071
5.9118,96.57816,36.74038,7.96197
5.9216,96.84798,36.76690,8.00299
5.9318,97.11627,36.79201,8.04379
5.9424,97.38306,36.81574,8.08435
5.9518,97.64835,36.83809,8.12469
5.9615,97.91217,36.85908,8.16482
5.9717,98.17453,36.87872,8.20472
5.9813,98.43544,36.89701,8.24441
5.9909,98.69493,36.91398,8.28388
6.0009,98.95300,36.92963,8.32314
6.0108,99.20967,36.94397,8.36220
6.0204,99.46500,36.95704,8.40102
6.0304,99.71935,36.96914,8.43954
6.0396,99.97244,36.98003,8.47784
6.0494,100.22433,36.98977,8.51595
6.0592,100.47501,36.99833,8.55386
6.0696,100.72446,37.00573,8.59158
6.0795,100.97275,37.01199,8.62914
6.0890,101.21986,37.01712,8.66653
6.0990,101.46588,37.02118,8.70376
6.1086,101.71077,37.02413,8.74084
6.1190,101.95454,37.02599,8.77779
6.1289,102.19720,37.02675,8.81461
6.1382,102.43875,37.02643,8.85130
6.1481,102.67926,37.02507,8.88789
6.1578,102.91870,37.02265,8.92438
6.1684,103.15706,37.01915,8.96078
6.1782,103.39435,37.01460,8.99709
6.1877,103.63058,37.00900,9.03332
6.1974,103.86581,37.00238,9.06950
6.2069,104.10008,36.99479,9.10566
6.2162,104.33345,36.98626,9.14185
6.2259,104.56593,36.97683,9.17812
6.2348,104.79764,36.96659,9.21458
6.2519,105.02858,36.95555,9.25134
6.2618,105.25888,36.94386,9.28872
6.2727,105.48802,36.93122,9.32722
6.2818,105.71613,36.91765,9.36671
6.2906,105.94347,36.90331,9.40694
6.2996,106.17009,36.88826,9.44788
6.3085,106.39603,36.87250,9.48952
6.3174,106.62128,36.85605,9.53186
6.3268,106.84584,36.83892,9.57488
6.3360,107.06973,36.82109,9.61859
6.3453,107.29295,36.80259,9.66298
6.3625,107.51550,36.78341,9.70805
6.3711,107.73740,36.76356,9.75378
6.3798,107.95863,36.74305,9.80020
6.3890,108.17923,36.72187,9.84728
6.3978,108.39919,36.70002,9.89503
6.4069,108.61850,36.67752,9.94345
6.4157,108.83719,36.65438,9.99252
6.4253,109.05540,36.63071,10.04253
6.4429,109.27319,36.60658,10.09357
6.4520,109.49130,36.58264,10.14706
6.4612,109.71048,36.55967,10.20460
6.4702,109.93048,36.53753,10.26590
6.4791,110.15147,36.51636,10.33122
6.4881,110.37341,36.49614,10.40051
6.4968,110.59627,36.47683,10.47371
6.5057,110.82002,36.45842,10.55076
6.5230,111.04465,36.44088,10.63161
6.5317,111.27013,36.42421,10.71623
6.5403,111.49644,36.40839,10.80457
6.5489,111.72357,36.39340,10.89659
6.5574,111.95149,36.37922,10.99224
6.5658,112.18019,36.36584,11.09148
6.5825,112.40964,36.35324,11.19425
6.5909,112.63982,36.34139,11.30052
6.5995,112.87071,36.33028,11.41023
6.6081,113.10229,36.31990,11.52334
6.6165,113.33453,36.31021,11.63979
6.6250,113.56741,36.30122,11.75954
6.6418,113.80092,36.29285,11.88235
6.6500,114.03500,36.28512,12.00834
6.6589,114.26962,36.27798,12.13740
6.6670,114.50475,36.27143,12.26955
6.6753,114.74031,36.26542,12.40472
6.6914,114.97627,36.25978,12.54224
6.6995,115.21252,36.25457,12.68252
6.7077,115.44894,36.24973,12.82566
6.7160,115.68555,36.24492,12.97002
6.7323,115.92201,36.24033,13.11730
6.7409,116.15802,36.23581,13.26721
6.7489,116.39296,36.23129,13.42065
6.7571,116.62631,36.22663,13.57789
6.7652,116.85753,36.22163,13.73908
6.7813,117.08612,36.21611,13.90434
6.7894,117.31155,36.20983,14.07373
6.7976,117.53336,36.20256,14.24729
6.8058,117.75098,36.19408,14.42496
6.8219,117.96391,36.18409,14.60662
6.8298,118.17162,36.17233,14.79206
6.8395,118.37358,36.15850,14.98102
6.8479,118.56935,36.14232,15.17315
6.8570,118.75847,36.12350,15.36802
6.8663,118.94023,36.10161,15.56518
6.8748,119.11426,36.07637,15.76405
6.8918,119.28030,36.04753,15.96409
6.8995,119.43973,36.01530,16.16342
6.9073,119.59230,35.97958,16.36243
6.9169,119.73734,35.94023,16.56179
6.9276,119.87476,35.89726,16.76160
6.9347,120.00465,35.85071,16.96190
6.9498,120.12717,35.80064,17.16267
6.9576,120.24240,35.74710,17.36390
6.9652,120.35048,35.69014,17.56558
6.9804,120.45151,35.62980,17.76771
6.9881,120.54562,35.56615,17.97027
6.9956,120.63292,35.49923,18.17326
7.0110,120.71352,35.42907,18.37666
7.0186,120.78752,35.35572,18.58044
7.0263,120.85503,35.27924,18.78461
7.0416,120.91615,35.19966,18.98914
7.0492,120.97098,35.11702,19.19402
7.0569,121.01961,35.03138,19.39922
7.0646,121.06215,34.94276,19.60472
7.0798,121.09868,34.85122,19.81052
7.0874,121.12930,34.75678,20.01658
7.0951,121.15411,34.65950,20.22289
7.1103,121.17319,34.55940,20.42944
7.1179,121.18663,34.45653,20.63618
7.1256,121.19452,34.35093,20.84312
7.1409,121.19695,34.24264,21.05022
7.1485,121.19398,34.13169,21.25745
7.1561,121.18573,34.01813,21.46479
7.1713,121.17226,33.90199,21.67223
7.1790,121.15366,33.78330,21.87976
7.1865,121.13000,33.66210,22.08737
7.2017,121.10138,33.53843,22.29500
7.2094,121.06787,33.41232,22.50263
7.2170,121.02956,33.28382,22.71027
7.2326,120.98651,33.15294,22.91788
7.2400,120.93887,33.01973,23.12546
7.2476,120.88669,32.88420,23.33298
7.2553,120.83003,32.74643,23.54045
7.2708,120.76898,32.60642,23.74784
7.2787,120.70358,32.46424,23.95515
7.2864,120.63390,32.31991,24.16235
7.3019,120.56000,32.17350,24.36944
7.3095,120.48192,32.02505,24.57640
7.3172,120.39973,31.87461,24.78323
7.3249,120.31348,31.72223,24.98991
7.3403,120.22319,31.56796,25.19642
7.3478,120.12895,31.41185,25.40274
7.3554,120.03078,31.25396,25.60887
7.3712,119.92871,31.09433,25.81480
7.3789,119.82283,30.93301,26.02049
7.3866,119.71315,30.77006,26.22596
7.4021,119.59973,30.60552,26.43118
7.4099,119.48260,30.43944,26.63613
7.4177,119.36182,30.27188,26.84081
7.4254,119.23743,30.10287,27.04519
7.4411,119.10950,29.93247,27.24926
7.4490,118.97803,29.76071,27.45302
7.4568,118.84303,29.58764,27.65645
7.4647,118.70457,29.41330,27.85954
7.4804,118.56265,29.23775,28.06228
7.4883,118.41734,29.06103,28.26465
7.4962,118.26866,28.88318,28.46664
7.5119,118.11665,28.70426,28.66822
7.5196,117.96136,28.52430,28.86939
7.5275,117.80281,28.34336,29.07012
7.5354,117.64104,28.16146,29.27040
7.5513,117.47609,27.97867,29.47021
7.5592,117.30798,27.79502,29.66952
7.5672,117.13676,27.61058,29.86829
7.5749,116.96249,27.42537,30.06652
7.5908,116.78519,27.23943,30.26417
7.5988,116.60487,27.05280,30.46121
7.6066,116.42159,26.86552,30.65765
7.6226,116.23537,26.67764,30.85344
7.6304,116.04625,26.48916,31.04856
7.6382,115.85425,26.30014,31.24301
7.6461,115.65941,26.11060,31.43675
7.6616,115.46178,25.92058,31.62978
7.6698,115.26137,25.73011,31.82206
7.6772,115.05823,25.53921,32.01359
7.6851,114.85239,25.34791,32.20435
7.7006,114.64386,25.15623,32.39432
7.7084,114.43272,24.96418,32.58350
7.7164,114.21898,24.77179,32.77185
7.7317,114.00266,24.57908,32.95937
7.7395,113.78381,24.38607,33.14603
7.7476,113.56245,24.19276,33.33183
7.7553,113.33864,23.99920,33.51673
7.7709,113.11240,23.80539,33.70074
7.7787,112.88373,23.61134,33.88382
7.7866,112.65269,23.41708,34.06596
7.8021,112.41933,23.22263,34.24715
7.8101,112.18364,23.02800,34.42738
7.8178,111.94566,22.83320,34.60662
7.8256,111.70543,22.63826,34.78487
7.8414,111.46297,22.44319,34.96210
7.8492,111.21831,22.24799,35.13833
7.8572,110.97150,22.05268,35.31353
7.8650,110.72252,21.85728,35.48769
7.8811,110.47144,21.66180,35.66080
7.8892,110.21823,21.46626,35.83283
7.8973,109.96294,21.27068,36.00375
7.9053,109.70554,21.07513,36.17348
7.9216,109.44604,20.87965,36.34199
7.9295,109.18445,20.68430,36.50920
7.9377,108.92078,20.48913,36.67506
7.9456,108.65500,20.29422,36.83948
7.9616,108.38712,20.09962,37.00239
7.9698,108.11714,19.90540,37.16373
7.9780,107.84508,19.71162,37.32342
7.9863,107.57091,19.51835,37.48139
8.0020,107.29465,19.32564,37.63757
8.0102,107.01630,19.13355,37.79190
8.0184,106.73586,18.94215,37.94428
8.0263,106.45334,18.75149,38.09467
8.0427,106.16872,18.56161,38.24299
8.0505,105.88202,18.37259,38.38918
8.0587,105.59319,18.18444,38.53320
8.0671,105.30226,17.99725,38.67494
8.0750,105.00926,17.81110,38.81434
8.0914,104.71419,17.62608,38.95129
8.1000,104.41708,17.44225,39.08571
8.1090,104.11800,17.25973,39.21749
8.1179,103.81694,17.07862,39.34654
8.1275,103.51401,16.89901,39.47276
8.1374,103.20920,16.72102,39.59603
8.1490,102.90245,16.54469,39.71630
8.1592,102.59383,16.37012,39.83349
8.1699,102.28430,16.19720,39.94768
8.1807,101.97307,16.02599,40.05886
8.1914,101.66006,15.85654,40.16700
8.2020,101.34537,15.68885,40.27209
8.2126,101.02899,15.52291,40.37418
8.2232,100.71097,15.35868,40.47330
8.2337,100.39134,15.19615,40.56949
8.2439,100.07016,15.03528,40.66277
8.2541,99.74745,14.87606,40.75320
8.2645,99.42325,14.71845,40.84080
8.2748,99.09758,14.56244,40.92561
8.2755,98.77048,14.40800,41.00768
8.2850,98.44199,14.25510,41.08702
8.2953,98.11212,14.10373,41.16369
8.3052,97.78099,13.95387,41.23769
8.3154,97.44862,13.80550,41.30907
8.3254,97.11505,13.65861,41.37785
8.3355,96.78030,13.51317,41.44406
8.3457,96.44440,13.36916,41.50775
8.3558,96.10735,13.22655,41.56894
8.3657,95.76918,13.08532,41.62767
8.3760,95.42993,12.94546,41.68398
8.3865,95.08961,12.80693,41.73788
8.3964,94.74826,12.66973,41.78941
8.4063,94.40588,12.53382,41.83861
8.4163,94.06252,12.39919,41.88550
8.4263,93.71814,12.26580,41.93013
8.4363,93.37279,12.13363,41.97252
8.4464,93.02649,12.00269,42.01270
8.4565,92.67926,11.87297,42.05066
8.4666,92.33115,11.74449,42.08644
8.4769,91.98215,11.61724,42.12000
8.4870,91.63229,11.49125,42.15135
8.4976,91.28165,11.36650,42.18045
8.5076,90.93021,11.24303,42.20729
8.5179,90.57803,11.12083,42.23184
8.5283,90.22516,10.99994,42.25404
8.5387,89.87158,10.88037,42.27388
8.5494,89.51743,10.76214,42.29128
8.5601,89.16269,10.64527,42.30620
8.5706,88.80746,10.52978,42.31860
8.5813,88.45178,10.41568,42.32851
8.5918,88.09573,10.30298,42.33585
8.6026,87.73929,10.19171,42.34065
8.6130,87.38251,10.08189,42.34290
8.6235,87.02542,9.97353,42.34259
8.6338,86.66803,9.86665,42.33972
8.6449,86.31042,9.76125,42.33430
8.6457,85.95261,9.65736,42.32634
8.6635,85.59451,9.55502,42.31580
8.6730,85.23630,9.45422,42.30270
8.6828,84.87793,9.35498,42.28706
8.6922,84.51944,9.25737,42.26886
8.7022,84.16086,9.16140,42.24809
8.7123,83.80228,9.06707,42.22478
8.7224,83.44382,8.97434,42.19902
8.7330,83.08539,8.88324,42.17078
8.7432,82.72693,8.79373,42.14006
8.7536,82.36844,8.70581,42.10690
8.7641,82.00995,8.61944,42.07133
8.7746,81.65143,8.53461,42.03339
8.7851,81.29291,8.45129,41.99309
8.7859,80.93436,8.36947,41.95047
8.7953,80.57581,8.28911,41.90556
8.8053,80.21729,8.21019,41.85840
8.8152,79.85876,8.13270,41.80901
8.8252,79.50024,8.05661,41.75742
8.8352,79.14175,7.98190,41.70364
8.8449,78.78329,7.90855,41.64774
8.8549,78.42487,7.83654,41.58971
8.8647,78.06650,7.76585,41.52959
8.8747,77.70816,7.69646,41.46741
8.8850,77.34988,7.62835,41.40318
8.9042,76.99167,7.56150,41.33694
8.9143,76.63351,7.49589,41.26871
8.9239,76.27542,7.43150,41.19853
8.9336,75.91739,7.36832,41.12641
8.9434,75.55945,7.30632,41.05238
8.9530,75.20160,7.24549,40.97647
8.9629,74.84384,7.18581,40.89870
8.9725,74.48618,7.12726,40.81908
8.9821,74.12863,7.06982,40.73766
8.9917,73.77118,7.01348,40.65445
9.0014,73.41385,6.95821,40.56947
9.0110,73.05664,6.90401,40.48275
9.0209,72.69958,6.85085,40.39431
9.0306,72.34265,6.79873,40.30417
9.0403,71.98587,6.74761,40.21235
9.0500,71.62924,6.69750,40.11887
9.0599,71.27301,6.64810,40.02383
9.0696,70.91702,6.59960,39.92722
9.0794,70.56119,6.55203,39.82909
9.0895,70.20563,6.50536,39.72950
9.0992,69.85028,6.45963,39.62849
9.1091,69.49512,6.41488,39.52615
9.1188,69.14011,6.37116,39.42250
9.1287,68.78525,6.32850,39.31763
9.1384,68.43051,6.28694,39.21158
9.1482,68.07593,6.24651,39.10443
9.1582,67.72141,6.20722,38.99622
9.1681,67.36703,6.16910,38.88703
9.1775,67.01276,6.13217,38.77690
9.1876,66.65854,6.09648,38.66586
9.1976,66.30447,6.06203,38.55397
9.2074,65.95047,6.02884,38.44126
9.2169,65.59662,5.99693,38.32776
9.2264,65.24289,5.96630,38.21350
9.2360,64.88934,5.93697,38.09853
9.2455,64.53601,5.90894,37.98288
9.2572,64.18292,5.88223,37.86656
9.2675,63.83005,5.85686,37.74962
9.2780,63.47742,5.83286,37.63208
9.2882,63.12500,5.81026,37.51396
9.2984,62.77283,5.78910,37.39529
9.3087,62.42087,5.76937,37.27612
9.3187,62.06915,5.75111,37.15646
9.3287,61.71771,5.73434,37.03634
9.3386,61.36646,5.71909,36.91580
9.3486,61.01544,5.70536,36.79490
9.3582,60.66492,5.69307,36.67381
9.3679,60.31461,5.68227,36.55237
9.3776,59.96454,5.67300,36.43056
9.3873,59.61469,5.66521,36.30840
9.3970,59.26508,5.65891,36.18587
9.4067,58.91568,5.65405,36.06298
9.4164,58.56653,5.65064,35.93974
9.4260,58.21759,5.64865,35.81615
9.4355,57.86890,5.64806,35.69223
9.4451,57.52042,5.64886,35.56796
9.4641,57.17218,5.65104,35.44337
9.4735,56.82416,5.65455,35.31844
9.4829,56.47638,5.65940,35.19320
9.4926,56.12885,5.66556,35.06763
9.5019,55.78152,5.67302,34.94176
9.5115,55.43445,5.68177,34.81557
9.5209,55.08759,5.69178,34.68907
9.5303,54.74097,5.70304,34.56228
9.5396,54.39459,5.71553,34.43519
9.5491,54.04843,5.72925,34.30780
9.5612,53.70251,5.74417,34.18012
9.5751,53.35681,5.76028,34.05216
9.5758,53.01135,5.77757,33.92391
9.5918,52.66611,5.79602,33.79539
9.6009,52.32111,5.81562,33.66659
9.6098,51.97632,5.83635,33.53751
9.6188,51.63177,5.85821,33.40817
9.6279,51.28745,5.88117,33.27856
9.6370,50.94336,5.90524,33.14870
9.6459,50.59949,5.93037,33.01857
9.6552,50.25586,5.95657,32.88819
9.6734,49.91245,5.98382,32.75756
9.6825,49.56927,6.01210,32.62669
9.6916,49.22647,6.04114,32.49554
9.7007,48.88391,6.07116,32.36412
9.7097,48.54193,6.10165,32.23241
9.7187,48.20026,6.13306,32.10051
9.7279,47.85889,6.16540,31.96854
9.7369,47.51880,6.19717,31.83625
9.7460,47.17941,6.22913,31.70386
9.7551,46.84027,6.26249,31.57197
9.7729,46.50150,6.29763,31.44112
9.7809,46.16330,6.33482,31.31177
9.7882,45.82574,6.37426,31.18436
9.7957,45.48895,6.41614,31.05937
9.8102,45.15308,6.46060,30.93727
9.8174,44.81824,6.50778,30.81853
9.8315,44.48474,6.55790,30.70386
9.8387,44.15347,6.61066,30.59444
9.8459,43.82397,6.66621,30.48978
9.8601,43.49652,6.72436,30.39020
9.8674,43.17099,6.78511,30.29552
9.8747,42.84723,6.84849,30.20557
9.8893,42.52524,6.91446,30.12023
9.8966,42.20496,6.98299,30.03943
9.9111,41.88638,7.05402,29.96310
9.9182,41.56952,7.12750,29.89117
9.9255,41.25433,7.20340,29.82357
9.9400,40.94080,7.28167,29.76025
9.9474,40.62888,7.36227,29.70113
9.9615,40.31857,7.44515,29.64615
9.9687,40.00989,7.53027,29.59526
9.9759,39.70279,7.61760,29.54839
9.9902,39.39725,7.70708,29.50549
9.9976,39.09323,7.79870,29.46650
10.0121,38.79074,7.89240,29.43135
10.0192,38.48978,7.98816,29.40000
10.0264,38.19031,8.08593,29.37239
10.0405,37.89230,8.18568,29.34846
10.0478,37.59576,8.28737,29.32818
10.0610,37.30066,8.39098,29.31147
10.0680,37.00696,8.49647,29.29830
10.0749,36.71466,8.60380,29.28861
10.0888,36.42374,8.71295,29.28236
10.0959,36.13419,8.82389,29.27950
10.1098,35.84598,8.93658,29.27998
10.1168,35.55911,9.05099,29.28377
10.1306,35.27356,9.16711,29.29080
10.1377,34.98932,9.28489,29.30105
10.1451,34.70636,9.40431,29.31446
10.1593,34.42468,9.52535,29.33099
10.1668,34.14435,9.64791,29.35061
10.1808,33.86536,9.77196,29.37326
10.1878,33.58771,9.89749,29.39890
10.1947,33.31137,10.02446,29.42751
10.2087,33.03632,10.15284,29.45902
10.2158,32.76254,10.28263,29.49341
10.2299,32.49002,10.41378,29.53063
10.2369,32.21875,10.54628,29.57066
10.2509,31.94873,10.68010,29.61344
10.2581,31.67993,10.81522,29.65896
10.2653,31.41232,10.95161,29.70717
10.2790,31.14590,11.08926,29.75803
10.2860,30.88068,11.22815,29.81153
10.2999,30.61661,11.36824,29.86761
10.3068,30.35370,11.50952,29.92626
10.3205,30.09195,11.65197,29.98743
10.3276,29.83133,11.79559,30.05112
10.3355,29.57184,11.94034,30.11728
10.3498,29.31345,12.08622,30.18590
10.3568,29.05621,12.23320,30.25695
10.3702,28.80005,12.38128,30.33041
10.3771,28.54501,12.53042,30.40623
10.3912,28.29102,12.68061,30.48438
10.3981,28.03806,12.83184,30.56483
10.4050,27.78616,12.98408,30.64756
10.4188,27.53552,13.13731,30.73264
10.4258,27.28583,13.29154,30.81989
10.4397,27.03683,13.44671,30.90919
10.4466,26.78867,13.60244,31.00025
10.4605,26.54111,13.75876,31.09299
10.4674,26.29401,13.91562,31.18728
10.4813,26.04721,14.07293,31.28298
10.4883,25.80069,14.23052,31.37993
10.4952,25.55411,14.38845,31.47801
10.5092,25.30731,14.54667,31.57710
10.5163,25.06012,14.70507,31.67703
10.5306,24.81226,14.86367,31.77768
10.5377,24.56354,15.02232,31.87885
10.5450,24.31390,15.18094,31.98041
10.5595,24.06305,15.33945,32.08218
10.5666,23.81097,15.49767,32.18398
10.5809,23.55756,15.65547,32.28566
10.5879,23.30273,15.81274,32.38708
10.5950,23.04642,15.96931,32.48809
10.6089,22.78860,16.12501,32.58849
10.6158,22.52921,16.27972,32.68813
10.6296,22.26816,16.43328,32.78684
10.6365,22.00534,16.58553,32.88443
10.6504,21.74075,16.73632,32.98072
10.6573,21.47430,16.88546,33.07552
10.6714,21.20602,17.03280,33.16865
10.6782,20.93588,17.17815,33.25992
10.6854,20.66385,17.32135,33.34913
10.6998,20.38995,17.46223,33.43608
10.7070,20.11420,17.60061,33.52058
10.7214,19.83658,17.73630,33.60241
10.7287,19.55719,17.86909,33.68135
10.7363,19.27618,17.99881,33.75723
10.7513,18.99359,18.12530,33.82988
10.7587,18.70953,18.24836,33.89909
10.7664,18.42410,18.36796,33.96482
10.7820,18.13745,18.48391,34.02689
10.7898,17.85013,18.59606,34.08530
10.7977,17.56180,18.70444,34.13995
10.8055,17.27234,18.80920,34.19096
10.8216,16.98175,18.91042,34.23844
10.8292,16.69003,19.00813,34.28242
10.8372,16.39722,19.10239,34.32295
10.8463,16.10330,19.19326,34.36010
10.8628,15.80838,19.28073,34.39391
10.8708,15.51248,19.36486,34.42442
10.8789,15.21564,19.44569,34.45168
10.8865,14.91785,19.52325,34.47575
10.9017,14.61911,19.59759,34.49668
10.9094,14.31946,19.66874,34.51450
10.9167,14.01892,19.73674,34.52924
10.9315,13.71750,19.80150,34.54099
10.9396,13.41519,19.86312,34.54979
10.9470,13.11203,19.92168,34.55563
10.9622,12.80801,19.97726,34.55853
10.9699,12.50320,20.02989,34.55854
10.9772,12.19754,20.07970,34.55564
10.9848,11.89111,20.12683,34.54984
11.0002,11.58389,20.17143,34.54114
11.0085,11.27600,20.21362,34.52962
11.0166,10.96738,20.25358,34.51524
11.0253,10.65811,20.29148,34.49796
11.0429,10.34824,20.32750,34.47778
11.0517,10.03784,20.36179,34.45472
11.0613,9.72687,20.39454,34.42878
11.0716,9.41547,20.42594,34.39999
11.0824,9.10367,20.45616,34.36836
11.0940,8.79160,20.48527,34.33410
11.1059,8.47934,20.51352,34.29717
11.1065,8.16690,20.54113,34.25761
11.1187,7.85425,20.56847,34.21532
11.1316,7.54166,20.59553,34.17060
11.1441,7.22916,20.62250,34.12355
11.1566,6.91681,20.64985,34.07406
11.1572,6.60471,20.67803,34.02210
11.1684,6.29303,20.70738,33.96774
11.1801,5.98190,20.73825,33.91110
11.1914,5.67151,20.77094,33.85230
11.2027,5.36206,20.80575,33.79150
11.2138,5.05377,20.84295,33.72884
11.2247,4.74673,20.88282,33.66453
11.2253,4.44119,20.92562,33.59876
11.2357,4.13730,20.97160,33.53176
11.2462,3.83527,21.02100,33.46378
11.2566,3.53531,21.07402,33.39510
11.2666,3.23758,21.13083,33.32602
11.2764,2.94244,21.19168,33.25690
11.2858,2.65054,21.25464,33.18894
11.3027,2.36142,21.32101,33.12168
11.3110,2.07507,21.39141,33.05495
11.3192,1.79153,21.46574,32.98869
11.3275,1.51074,21.54395,32.92288
11.3360,1.23264,21.62598,32.85750
11.3448,0.95718,21.71177,32.79253
11.3618,0.68436,21.80128,32.72798
11.3702,0.41422,21.89439,32.66386
11.3787,0.14673,21.99107,32.60015
11.3871,-0.11813,22.09124,32.53687
11.3954,-0.38043,22.19487,32.47399
11.4125,-0.64017,22.30189,32.41152
11.4211,-0.89740,22.41226,32.34946
11.4296,-1.15216,22.52592,32.28779
11.4382,-1.40445,22.64281,32.22652
11.4470,-1.65433,22.76291,32.16563
11.4554,-1.90179,22.88616,32.10513
11.4730,-2.14691,23.01250,32.04501
11.4818,-2.38968,23.14190,31.98527
11.4908,-2.63013,23.27431,31.92590
11.4999,-2.86832,23.40968,31.86689
11.5091,-3.10425,23.54796,31.80824
11.5180,-3.33792,23.68913,31.74996
11.5272,-3.56940,23.83312,31.69203
11.5362,-3.79868,23.97992,31.63445
11.5456,-4.02579,24.12947,31.57722
11.5640,-4.25076,24.28175,31.52034
11.5730,-4.47363,24.43672,31.46380
11.5822,-4.69440,24.59436,31.40760
11.5916,-4.91309,24.75465,31.35174
11.6011,-5.12970,24.91755,31.29621
11.6109,-5.34427,25.08306,31.24101
11.6205,-5.55676,25.25114,31.18615
11.6302,-5.76721,25.42177,31.13161
11.6398,-5.97565,25.59493,31.07741
11.6497,-6.18210,25.77061,31.02352
11.6594,-6.38657,25.94880,30.96996
11.6693,-6.58908,26.12946,30.91671
11.6793,-6.78964,26.31257,30.86378
11.6892,-6.98828,26.49811,30.81121
11.6992,-7.18506,26.68601,30.75897
11.7093,-7.37991,26.87622,30.70706
11.7199,-7.57294,27.06869,30.65544
11.7299,-7.76410,27.26338,30.60408
11.7402,-7.95343,27.46023,30.55294
11.7507,-8.14096,27.65911,30.50200
11.7614,-8.32669,27.86005,30.45116
11.7725,-8.51062,28.06296,30.40034
11.7835,-8.69269,28.26786,30.34941
11.7949,-8.87292,28.47472,30.29824
11.7954,-9.05127,28.68349,30.24672
11.8063,-9.22769,28.89415,30.19470
11.8179,-9.40219,29.10666,30.14207
11.8298,-9.57477,29.32094,30.08870
11.8417,-9.74533,29.53693,30.03448
11.8536,-9.91391,29.75459,29.97926
11.8660,-10.08044,29.97385,29.92294
11.8666,-10.24490,30.19464,29.86537
11.8783,-10.40729,30.41691,29.80644
11.8908,-10.56757,30.64057,29.74603
11.9042,-10.72568,30.86555,29.68402
11.9165,-10.88165,31.09176,29.62031
11.9171,-11.03543,31.31914,29.55477
11.9297,-11.18695,31.54758,29.48730
11.9428,-11.33624,31.77702,29.41780
11.9564,-11.48322,32.00735,29.34615
11.9569,-11.62790,32.23850,29.27224
11.9697,-11.77023,32.47037,29.19598
11.9837,-11.91022,32.70286,29.11729
11.9976,-12.04782,32.93587,29.03604
11.9982,-12.18298,33.16932,28.95212
12.0109,-12.31570,33.40309,28.86546
12.0248,-12.44592,33.63710,28.77589
12.0254,-12.57361,33.87124,28.68336
12.0389,-12.69876,34.10541,28.58786
12.0531,-12.82141,34.33951,28.48926
12.0670,-12.94144,34.57346,28.38752
12.0675,-13.05896,34.80713,28.28262
12.0827,-13.17389,35.04049,28.17454
12.0993,-13.28625,35.27347,28.06326
12.0998,-13.39606,35.50602,27.94879
12.1099,-13.50333,35.73805,27.83113
12.1245,-13.60803,35.96950,27.71027
12.1388,-13.71021,36.20033,27.58620
12.1394,-13.80984,36.43046,27.45895
12.1533,-13.90695,36.65985,27.32849
12.1678,-14.00156,36.88844,27.19485
12.1684,-14.09366,37.11615,27.05802
12.1824,-14.18323,37.34295,26.91802
12.1971,-14.27029,37.56879,26.77485
12.1977,-14.35486,37.79360,26.62852
12.2118,-14.43695,38.01734,26.47903
12.2267,-14.51651,38.23995,26.32641
12.2273,-14.59360,38.46138,26.17065
12.2414,-14.66815,38.68157,26.01177
12.2564,-14.74023,38.90047,25.84978
12.2570,-14.80981,39.11803,25.68468
12.2718,-14.87692,39.33420,25.51651
12.2870,-14.94150,39.54892,25.34526
12.2875,-15.00357,39.76214,25.17097
12.3018,-15.06311,39.97382,24.99366
12.3170,-15.12012,40.18390,24.81332
12.3175,-15.17459,40.39233,24.63001
12.3324,-15.22647,40.59905,24.44373
12.3472,-15.27582,40.80400,24.25450
12.3477,-15.32257,41.00715,24.06236
12.3624,-15.36670,41.20844,23.86732
12.3778,-15.40820,41.40780,23.66943
12.3783,-15.44708,41.60520,23.46870
12.3935,-15.48328,41.80057,23.26515
12.4078,-15.51682,41.99387,23.05884
12.4084,-15.54761,42.18505,22.84978
12.4229,-15.57571,42.37406,22.63801
12.4375,-15.60104,42.56083,22.42356
12.4382,-15.62360,42.74533,22.20648
12.4525,-15.64337,42.92752,21.98681
12.4671,-15.66034,43.10732,21.76457
12.4677,-15.67447,43.28470,21.53981
12.4816,-15.68573,43.45961,21.31256
12.4961,-15.69412,43.63201,21.08292
12.4966,-15.69968,43.80184,20.85097
12.5101,-15.70233,43.96906,20.61667
12.5237,-15.70209,44.13363,20.38020
12.5371,-15.69897,44.29551,20.14159
12.5377,-15.69321,44.45467,19.90124
12.5501,-15.68445,44.61106,19.65880
12.5625,-15.67276,44.76464,19.41444
12.5744,-15.65814,44.91536,19.16824
12.5864,-15.64047,45.06317,18.92023
12.5869,-15.61978,45.20803,18.67048
12.5979,-15.59601,45.34987,18.41905
12.6096,-15.56912,45.48867,18.16602
12.6210,-15.53909,45.62437,17.91147
12.6318,-15.50595,45.75693,17.65547
12.6427,-15.46964,45.88630,17.39810
12.6535,-15.43018,46.01242,17.13944
12.6642,-15.38748,46.13525,16.87957
12.6747,-15.34161,46.25474,16.61856
12.6753,-15.29251,46.37082,16.35650
12.6854,-15.24017,46.48347,16.09345
12.6960,-15.18457,46.59264,15.82951
12.7064,-15.12570,46.69830,15.56475
12.7170,-15.06357,46.80041,15.29925
12.7273,-14.99814,46.89894,15.03308
12.7373,-14.92944,46.99389,14.76631
12.7477,-14.85745,47.08522,14.49902
12.7581,-14.78217,47.17292,14.23127
12.7687,-14.70361,47.25702,13.96313
12.7792,-14.62183,47.33751,13.69466
12.7896,-14.53680,47.41442,13.42613
12.8001,-14.44849,47.48774,13.15736
12.8106,-14.35696,47.55751,12.88831
12.8211,-14.26224,47.62378,12.61897
12.8318,-14.16434,47.68658,12.34933
12.8424,-14.06332,47.74594,12.07941
12.8532,-13.95923,47.80189,11.80922
12.8637,-13.85211,47.85448,11.53877
12.8744,-13.74200,47.90374,11.26807
12.8855,-13.62894,47.94970,10.99714
12.8861,-13.51297,47.99239,10.72598
12.8963,-13.39413,48.03186,10.45460
12.9073,-13.27246,48.06813,10.18301
12.9183,-13.14804,48.10124,9.91124
12.9293,-13.02087,48.13123,9.63928
12.9406,-12.89102,48.15812,9.36716
12.9516,-12.75851,48.18196,9.09488
12.9629,-12.62338,48.20275,8.82245
12.9741,-12.48566,48.22055,8.54988
12.9856,-12.34540,48.23536,8.27718
12.9861,-12.20264,48.24723,8.00436
12.9970,-12.05740,48.25619,7.73144
13.0083,-11.90973,48.26226,7.45840
13.0199,-11.75964,48.26545,7.18528
13.0317,-11.60718,48.26582,6.91208
13.0432,-11.45242,48.26336,6.63884
13.0544,-11.29541,48.25808,6.36559
13.0666,-11.13620,48.25002,6.09235
13.0671,-10.97479,48.23923,5.81910
13.0782,-10.81119,48.22577,5.54585
13.0899,-10.64539,48.20964,5.27257
13.1021,-10.47742,48.19091,4.99926
13.1139,-10.30728,48.16965,4.72593
13.1259,-10.13504,48.14592,4.45260
13.1264,-9.96072,48.11978,4.17929
13.1379,-9.78430,48.09132,3.90601
13.1503,-9.60587,48.06061,3.63277
13.1622,-9.42545,48.02773,3.35961
13.1744,-9.24313,47.99278,3.08661
13.1865,-9.05899,47.95581,2.81374
13.1872,-8.87299,47.91690,2.54101
13.1989,-8.68512,47.87608,2.26842
13.2108,-8.49545,47.83345,1.99600
13.2232,-8.30402,47.78905,1.72376
13.2353,-8.11078,47.74296,1.45172
13.2361,-7.91580,47.69524,1.17988
13.2475,-7.71906,47.64595,0.90825
13.2600,-7.52063,47.59515,0.63685
13.2727,-7.32050,47.54290,0.36568
13.2851,-7.11865,47.48927,0.09475
13.2856,-6.91519,47.43431,-0.17590
13.2978,-6.71008,47.37810,-0.44629
13.3110,-6.50342,47.32069,-0.71637
13.3239,-6.29520,47.26212,-0.98614
13.3364,-6.08548,47.20246,-1.25556
13.3369,-5.87436,47.14177,-1.52457
13.3493,-5.66187,47.08008,-1.79318
13.3622,-5.44919,47.01747,-2.06072
13.3749,-5.23724,46.95395,-2.32671
13.3754,-5.02621,46.88954,-2.59109
13.3877,-4.81653,46.82422,-2.85361
13.4005,-4.60822,46.75801,-3.11432
13.4135,-4.40118,46.69092,-3.37322
13.4269,-4.19547,46.62300,-3.63037
13.4274,-3.99103,46.55423,-3.88577
13.4400,-3.78781,46.48457,-4.13946
13.4532,-3.58582,46.41404,-4.39145
13.4664,-3.38501,46.34266,-4.64178
13.4671,-3.18536,46.27040,-4.89046
13.4796,-2.98688,46.19731,-5.13754
13.4931,-2.78970,46.12336,-5.38292
13.5059,-2.59390,46.04855,-5.62658
13.5065,-2.39948,45.97290,-5.86854
13.5190,-2.20639,45.89641,-6.10882
13.5322,-2.01462,45.81910,-6.34744
13.5454,-1.82416,45.74096,-6.58444
13.5461,-1.63498,45.66200,-6.81982
13.5581,-1.44708,45.58223,-7.05361
13.5711,-1.26041,45.50167,-7.28584
13.5839,-1.07498,45.42030,-7.51652
13.5970,-0.89078,45.33815,-7.74567
13.5975,-0.70776,45.25521,-7.97330
13.6098,-0.52597,45.17148,-8.19942
13.6228,-0.34534,45.08699,-8.42406
13.6356,-0.16586,45.00172,-8.64723
13.6362,0.01245,44.91570,-8.86896
13.6485,0.18961,44.82891,-9.08925
13.6613,0.36563,44.74138,-9.30812
13.6743,0.54053,44.65310,-9.52559
13.6871,0.71432,44.56408,-9.74166
13.6876,0.88702,44.47432,-9.95636
13.6999,1.05862,44.38384,-10.16970
13.7128,1.22916,44.29262,-10.38170
13.7259,1.39862,44.20069,-10.59236
13.7263,1.56705,44.10804,-10.80171
13.7390,1.73444,44.01468,-11.00976
13.7516,1.90079,43.92060,-11.21651
13.7647,2.06613,43.82583,-11.42200
13.7774,2.23044,43.73036,-11.62621
13.7779,2.39374,43.63419,-11.82918
13.7902,2.55606,43.53733,-12.03090
13.8030,2.71741,43.43978,-12.23139
13.8157,2.87778,43.34154,-12.43069
13.8163,3.03717,43.24260,-12.62879
13.8286,3.19562,43.14296,-12.82571
13.8413,3.35324,43.04261,-13.02154
13.8541,3.51001,42.94157,-13.21628
13.8669,3.66602,42.83981,-13.40997
13.8675,3.82126,42.73736,-13.60262
13.8795,3.97568,42.63424,-13.79422
13.8925,4.12906,42.53040,-13.98465
13.9053,4.28137,42.42585,-14.17392
13.9060,4.43259,42.32057,-14.36205
13.9183,4.58307,42.21464,-14.54918
13.9321,4.73254,42.10804,-14.73520
13.9459,4.88120,42.00076,-14.92021
13.9466,5.02902,41.89282,-15.10425
13.9603,5.17615,41.78426,-15.28735
13.9750,5.32245,41.67506,-15.46950
13.9756,5.46790,41.56524,-15.65072
13.9899,5.61267,41.45485,-15.83103
14.0052,5.75665,41.34384,-16.01044
14.0059,5.89981,41.23221,-16.18897
14.0204,6.04218,41.11998,-16.36655
14.0357,6.18231,41.00673,-16.54327
14.0362,6.32117,40.89273,-16.71909
14.0508,6.45889,40.77803,-16.89391
14.0658,6.59567,40.66271,-17.06791
14.0664,6.73166,40.54677,-17.24122
14.0799,6.86694,40.43024,-17.41365
14.0934,7.00159,40.31316,-17.58531
14.1071,7.13562,40.19554,-17.75614
14.1076,7.26917,40.07738,-17.92612
14.1207,7.40216,39.95868,-18.09519
14.1343,7.53467,39.83944,-18.26339
14.1476,7.66675,39.71968,-18.43069
14.1482,7.79831,39.59939,-18.59703
14.1610,7.92941,39.47861,-18.76238
14.1743,8.06003,39.35733,-18.92670
14.1875,8.19003,39.23550,-19.08989
14.1881,8.31973,39.11322,-19.24903
14.2003,8.44879,38.99039,-19.40676
14.2130,8.57724,38.86705,-19.56312
14.2254,8.70502,38.74317,-19.71857
14.2260,8.83218,38.61872,-19.87317
14.2379,8.95877,38.49374,-20.02690
14.2503,9.08475,38.36821,-20.17979
14.2627,9.21014,38.24212,-20.33183
14.2753,9.33496,38.11549,-20.48305
14.2760,9.45920,37.98832,-20.63344
14.2881,9.58286,37.86060,-20.78300
14.3011,9.70593,37.73234,-20.93176
14.3127,9.82843,37.60355,-21.07970
14.3251,9.95038,37.47422,-21.22684
14.3258,10.07175,37.34435,-21.37318
14.3405,10.19257,37.21395,-21.51874
14.3522,10.31284,37.08303,-21.66351
14.3641,10.43256,36.95157,-21.80750
14.3765,10.55173,36.81958,-21.95073
14.3772,10.67032,36.68707,-22.09322
14.3895,10.78836,36.55403,-22.23495
14.4013,10.90585,36.42046,-22.37597
14.4133,11.02298,36.28645,-22.51612
14.4266,11.13965,36.15195,-22.65547
14.4276,11.25586,36.01702,-22.79396
14.4429,11.37164,35.88158,-22.93168
14.4559,11.48688,35.74564,-23.06873
14.4565,11.60162,35.60923,-23.20514
14.4679,11.71585,35.47231,-23.34086
14.4811,11.82959,35.33493,-23.47594
14.4926,11.94299,35.19712,-23.61015
14.5042,12.05612,35.05893,-23.74338
14.5170,12.16888,34.92032,-23.87570
14.5178,12.28146,34.78136,-24.00696
14.5297,12.39368,34.64195,-24.13732
14.5412,12.50601,34.50252,-24.26727
14.5534,12.61841,34.36296,-24.39663
14.5647,12.73050,34.22297,-24.52517
14.5750,12.84213,34.08242,-24.65286
14.5756,12.95334,33.94131,-24.77971
14.5855,13.06403,33.79963,-24.90570
14.5956,13.17419,33.65736,-25.03086
14.6058,13.28381,33.51449,-25.15517
14.6160,13.39273,33.37085,-25.27821
14.6263,13.50092,33.22638,-25.40000
14.6372,13.60812,33.08086,-25.52066
14.6475,13.71262,32.93285,-25.63987
14.6573,13.81537,32.78313,-25.75748
14.6671,13.91669,32.63187,-25.87322
14.6769,14.01660,32.47911,-25.98707
14.6873,14.11517,32.32487,-26.09904
14.6973,14.21240,32.16916,-26.20914
14.7073,14.30829,32.01197,-26.31739
14.7173,14.40289,31.85334,-26.42381
14.7273,14.49619,31.69326,-26.52842
14.7373,14.58820,31.53174,-26.63124
14.7478,14.67892,31.36879,-26.73226
14.7576,14.76834,31.20440,-26.83147
14.7674,14.85602,31.03807,-26.92818
14.7773,14.94189,30.86984,-27.02232
14.7874,15.02560,30.69930,-27.11333
14.7974,15.10733,30.52671,-27.20152
14.8075,15.18710,30.35203,-27.28689
14.8173,15.26492,30.17526,-27.36948
14.8273,15.34082,29.99638,-27.44931
14.8373,15.41479,29.81540,-27.52637
14.8473,15.48685,29.63239,-27.60067
14.8574,15.55698,29.44737,-27.67223
14.8675,15.62521,29.26040,-27.74108
14.8783,15.69162,29.07151,-27.80729
14.8894,15.75623,28.88076,-27.87093
14.9011,15.81906,28.68827,-27.93207
14.9129,15.88016,28.49405,-27.99076
14.9246,15.93958,28.29813,-28.04706
14.9364,15.99731,28.10056,-28.10099
14.9371,16.05341,27.90134,-28.15258
14.9478,16.10782,27.70049,-28.20183
14.9590,16.16055,27.49797,-28.24866
14.9701,16.21152,27.29376,-28.29300
14.9806,16.26028,27.08745,-28.33421
14.9911,16.30646,26.87871,-28.37167
15.0015,16.34973,26.66727,-28.40494
15.0115,16.39014,26.45322,-28.43408
15.0214,16.42770,26.23658,-28.45913
15.0315,16.46222,26.01716,-28.47978
15.0416,16.49374,25.79504,-28.49625
15.0516,16.52240,25.57030,-28.50859
15.0615,16.54822,25.34301,-28.51686
15.0716,16.57132,25.11323,-28.52114
15.0818,16.59180,24.88102,-28.52146
15.0921,16.60962,24.64642,-28.51787
15.1023,16.62494,24.40951,-28.51038
15.1125,16.63779,24.17036,-28.49899
15.1225,16.64822,23.92899,-28.48367
15.1327,16.65634,23.68546,-28.46433
15.1429,16.66214,23.43992,-28.44091
15.1530,16.66577,23.19249,-28.41334
15.1631,16.66730,22.94329,-28.38157
15.1734,16.66687,22.69248,-28.34565
15.1833,16.66461,22.44016,-28.30537
15.1932,16.66058,22.18649,-28.26063
15.2034,16.65500,21.93163,-28.21143
15.2131,16.64789,21.67575,-28.15765
15.2233,16.63947,21.41901,-28.09924
15.2332,16.62985,21.16158,-28.03614
15.2450,16.61920,20.90364,-27.96846
15.2456,16.60764,20.64536,-27.89615
15.2554,16.59525,20.38692,-27.81897
15.2663,16.58224,20.12852,-27.73713
15.2764,16.56870,19.87025,-27.65097
15.2867,16.55481,19.61237,-27.56019
15.2964,16.54086,19.35520,-27.46467
15.3054,16.52707,19.09908,-27.36431
15.3232,16.51379,18.84442,-27.25894
15.3309,16.50137,18.59165,-27.14851
15.3385,16.49002,18.34113,-27.03306
15.3460,16.48007,18.09323,-26.91270
15.3611,16.47177,17.84831,-26.78756
15.3687,16.46552,17.60672,-26.65779
15.3766,16.46149,17.36881,-26.52362
15.3911,16.45993,17.13486,-26.38595
15.3983,16.46085,16.90523,-26.24434
15.4056,16.46429,16.68020,-26.09878
15.4197,16.47025,16.45998,-25.94947
15.4269,16.47864,16.24471,-25.79662
15.4411,16.48938,16.03454,-25.64040
15.4482,16.50250,15.82965,-25.48099
15.4551,16.51788,15.63020,-25.31860
15.4691,16.53552,15.43631,-25.15340
15.4761,16.55527,15.24812,-24.98560
15.4899,16.57718,15.06590,-24.81528
15.4968,16.60117,14.88982,-24.64264
15.5107,16.62708,14.71999,-24.46789
15.5208,16.65414,14.55586,-24.29205
15.5328,16.68274,14.39758,-24.11490
15.5396,16.71304,14.24547,-23.93606
15.5465,16.74503,14.09948,-23.75553
15.5604,16.77866,13.95951,-23.57333
15.5673,16.81393,13.82547,-23.38946
15.5812,16.85083,13.69728,-23.20396
15.5884,16.88931,13.57485,-23.01685
15.5951,16.92938,13.45809,-22.82815
15.6090,16.97101,13.34692,-22.63789
15.6160,17.01416,13.24124,-22.44609
15.6299,17.05881,13.14097,-22.25278
15.7105,17.10492,13.04603,-22.05798
15.7120,17.15250,12.95634,-21.86173
15.7139,17.20151,12.87183,-21.66405
15.7154,17.25195,12.79241,-21.46497
15.7174,17.30377,12.71801,-21.26452
15.7186,17.35696,12.64855,-21.06272
15.7197,17.41150,12.58397,-20.85961
15.7208,17.46738,12.52419,-20.65521
15.7327,17.52457,12.46913,-20.44955
15.7338,17.58295,12.41847,-20.24278
15.7558,17.64258,12.37229,-20.03484
15.7593,17.70343,12.33051,-19.82578
15.7863,17.76547,12.29308,-19.61560
15.7898,17.82867,12.25986,-19.40437
15.7911,17.89301,12.23080,-19.19213
15.7925,17.95847,12.20584,-18.97890
15.8143,18.02502,12.18491,-18.76469
15.8187,18.09265,12.16790,-18.54957
15.8299,18.16132,12.15477,-18.33353
15.8312,18.23102,12.14542,-18.11661
15.8427,18.30173,12.13979,-17.89883
15.8516,18.37344,12.13782,-17.68020
15.8600,18.44614,12.13943,-17.46076
15.8691,18.51978,12.14454,-17.24053
15.8766,18.59427,12.15311,-17.01958
15.8905,18.66971,12.16504,-16.79787
15.8974,18.74600,12.18024,-16.57555
15.9112,18.82318,12.19860,-16.35258
15.9184,18.90121,12.22003,-16.12901
15.9253,18.98019,12.24442,-15.90482
15.9394,19.06015,12.27166,-15.67996
15.9467,19.14105,12.30167,-15.45444
15.9611,19.22293,12.33437,-15.22827
15.9683,19.30576,12.36966,-15.00143
15.9759,19.38965,12.40742,-14.77389
15.9901,19.47464,12.44754,-14.54561
15.9978,19.56079,12.48992,-14.31657
16.0052,19.64813,12.53440,-14.08678
16.0193,19.73679,12.58086,-13.85619
16.0268,19.82675,12.62917,-13.62478
16.0414,19.91812,12.67921,-13.39255
16.0491,20.01089,12.73083,-13.15948
16.0570,20.10519,12.78392,-12.92556
16.0715,20.20105,12.83833,-12.69078
16.0793,20.29852,12.89395,-12.45513
16.0876,20.39767,12.95064,-12.21863
16.0957,20.49854,13.00829,-11.98125
16.1104,20.60120,13.06676,-11.74303
16.1182,20.70563,13.12593,-11.50400
16.1256,20.81198,13.18570,-11.26414
16.1410,20.92029,13.24595,-11.02347
16.1494,21.03052,13.30655,-10.78203
16.1583,21.14279,13.36738,-10.53984
16.1687,21.25714,13.42831,-10.29697
16.1804,21.37363,13.48924,-10.05344
16.1908,21.49228,13.55005,-9.80930
16.2005,21.61313,13.61064,-9.56454
16.2094,21.73621,13.67091,-9.31924
16.2176,21.86163,13.73050,-9.07349
16.2259,21.98926,13.78963,-8.82722
16.2418,22.11905,13.84835,-8.58045
16.2505,22.25095,13.90667,-8.33321
16.2597,22.38492,13.96458,-8.08549
16.2704,22.52094,14.02209,-7.83732
16.2799,22.65897,14.07919,-7.58871
16.2888,22.79901,14.13587,-7.33968
16.2990,22.94101,14.19213,-7.09024
16.3079,23.08496,14.24797,-6.84042
16.3200,23.23083,14.30337,-6.59022
16.3288,23.37860,14.35833,-6.33966
16.3388,23.52823,14.41286,-6.08875
16.3494,23.67969,14.46694,-5.83751
16.3580,23.83298,14.52057,-5.58595
16.3684,23.98807,14.57375,-5.33407
16.3775,24.14493,14.62646,-5.08189
16.3875,24.30353,14.67872,-4.82944
16.3977,24.46384,14.73051,-4.57671
16.4080,24.62585,14.78184,-4.32372
16.4183,24.78955,14.83269,-4.07050
16.4294,24.95493,14.88307,-3.81702
16.4398,25.12192,14.93298,-3.56333
16.4535,25.29053,14.98240,-3.30942
16.4660,25.46075,15.03134,-3.05531
16.4669,25.63254,15.07980,-2.80099
16.4795,25.80588,15.12777,-2.54650
16.4923,25.98077,15.17524,-2.29184
16.5059,26.15717,15.22223,-2.03702
16.5068,26.33505,15.26872,-1.78204
16.5190,26.51440,15.31471,-1.52692
16.5323,26.69522,15.36020,-1.27168
16.5452,26.87747,15.40519,-1.01630
16.5460,27.06113,15.44968,-0.76082
16.5579,27.24619,15.49366,-0.50523
16.5700,27.43262,15.53713,-0.24956
16.5821,27.62039,15.58010,0.00621
16.5941,27.80951,15.62255,0.26205
16.6061,27.99994,15.66449,0.51797
16.6067,28.19168,15.70592,0.77394
16.6175,28.38470,15.74683,1.02998
16.6283,28.57901,15.78723,1.28604
16.6390,28.77454,15.82711,1.54215
16.6494,28.97134,15.86648,1.79828
16.6599,29.16934,15.90533,2.05443
16.6704,29.36856,15.94366,2.31058
16.6814,29.56897,15.98147,2.56673
16.6922,29.77057,16.01876,2.82286
16.7037,29.97333,16.05553,3.07897
16.7149,30.17722,16.09178,3.33507
16.7157,30.38226,16.12750,3.59113
16.7275,30.58844,16.16271,3.84713
16.7388,30.79572,16.19740,4.10307
16.7501,31.00412,16.23156,4.35896
16.7615,31.21362,16.26519,4.61478
16.7741,31.42422,16.29832,4.87052
16.7867,31.63602,16.33097,5.12614
16.7875,31.84894,16.36315,5.38162
16.7989,32.06308,16.39490,5.63690
16.8101,32.27838,16.42624,5.89194
16.8211,32.49490,16.45720,6.14673
16.8323,32.71274,16.48781,6.40121
16.8433,32.93188,16.51812,6.65537
16.8544,33.15234,16.54817,6.90917
16.8658,33.37421,16.57799,7.16255
16.8665,33.59753,16.60763,7.41548
16.8774,33.82224,16.63712,7.66792
16.8887,34.04843,16.66650,7.91978
16.8996,34.27606,16.69581,8.17107
16.9112,34.50522,16.72508,8.42171
16.9227,34.73593,16.75436,8.67166
16.9341,34.96811,16.78366,8.92087
16.9457,35.20187,16.81305,9.16928
16.9465,35.43713,16.84251,9.41684
16.9578,35.67398,16.87213,9.66351
16.9692,35.91235,16.90191,9.90923
16.9804,36.15225,16.93187,10.15393
16.9919,36.39374,16.96204,10.39757
17.0032,36.63675,16.99247,10.64008
17.0149,36.88126,17.02316,10.88141
17.0156,37.12732,17.05416,11.12151
17.0270,37.37494,17.08551,11.36031
17.0392,37.62408,17.11721,11.59777
17.0519,37.87476,17.14930,11.83382
17.0643,38.12686,17.18177,12.06839
17.0764,38.38049,17.21469,12.30144
17.0771,38.63565,17.24805,12.53291
17.0893,38.89227,17.28192,12.76274
17.1010,39.15039,17.31630,12.99087
17.1132,39.41000,17.35120,13.21724
17.1257,39.67108,17.38667,13.44180
17.1264,39.93365,17.42273,13.66447
17.1384,40.19769,17.45940,13.88522
17.1502,40.46320,17.49669,14.10397
17.1619,40.73013,17.53465,14.32068
17.1743,40.99854,17.57327,14.53526
17.1867,41.26837,17.61257,14.74767
17.1873,41.53961,17.65259,14.95785
17.1986,41.81229,17.69333,15.16572
17.2107,42.08636,17.73481,15.37124
17.2229,42.36182,17.77703,15.57436
17.2352,42.63867,17.82001,15.77501
17.2359,42.91687,17.86377,15.97313
17.2478,43.19641,17.90830,16.16866
17.2597,43.47726,17.95364,16.36154
17.2720,43.75946,17.99977,16.55172
17.2841,44.04294,18.04671,16.73913
17.2967,44.32770,18.09447,16.92372
17.2974,44.61374,18.14304,17.10543
17.3098,44.90100,18.19241,17.28422
17.3213,45.18948,18.24261,17.46002
17.3331,45.47913,18.29362,17.63278
17.3454,45.76999,18.34544,17.80247
17.3462,46.06201,18.39809,17.96899
17.3585,46.35513,18.45154,18.13233
17.3720,46.64938,18.50582,18.29240
17.3855,46.94473,18.56092,18.44915
17.3864,47.24115,18.61684,18.60253
17.3982,47.53860,18.67353,18.75251
17.4107,47.83704,18.73101,18.89905
17.4226,48.13641,18.78928,19.04205
17.4344,48.43674,18.84831,19.18151
17.4475,48.73798,18.90811,19.31735
17.4483,49.04007,18.96865,19.44955
17.4598,49.34302,19.02990,19.57806
17.4725,49.64676,19.09190,19.70283
17.4860,49.95129,19.15459,19.82381
17.4867,50.25653,19.21798,19.94096
17.5006,50.56247,19.28204,20.05428
17.5134,50.86905,19.34675,20.16369
17.5257,51.17624,19.41211,20.26917
17.5266,51.48404,19.47809,20.37067
17.5400,51.79233,19.54467,20.46818
17.5520,52.10114,19.61184,20.56165
17.5639,52.41034,19.67957,20.65105
17.5749,52.71997,19.74785,20.73635
17.5755,53.02997,19.81667,20.81750
17.5859,53.34027,19.88599,20.89449
17.5967,53.65088,19.95580,20.96729
17.6089,53.96167,20.02608,21.03584
17.6212,54.27264,20.09681,21.10015
17.6334,54.58371,20.16797,21.16018
17.6458,54.89490,20.23954,21.21589
17.6465,55.20612,20.31149,21.26728
17.6580,55.51730,20.38380,21.31432
17.6706,55.82840,20.45644,21.35699
17.6831,56.13937,20.52938,21.39529
17.6956,56.45020,20.60262,21.42919
17.6963,56.76074,20.67611,21.45869
17.7085,57.07104,20.74985,21.48376
17.7213,57.38104,20.82381,21.50442
17.7344,57.69067,20.89794,21.52063
17.7472,57.99985,20.97225,21.53239
17.7479,58.30853,21.04669,21.53966
17.7602,58.61673,21.12126,21.54243
17.7742,58.92432,21.19592,21.54069
17.7872,59.23126,21.27065,21.53442
17.7879,59.53754,21.34542,21.52362
17.8004,59.84311,21.42020,21.50830
17.8139,60.14795,21.49497,21.48848
17.8270,60.45197,21.56970,21.46416
17.8277,60.75516,21.64436,21.43534
17.8397,61.05750,21.71892,21.40206
17.8517,61.35892,21.79335,21.36432
17.8638,61.65936,21.86762,21.32212
17.8760,61.95877,21.94168,21.27549
17.8768,62.25717,22.01551,21.22446
17.8889,62.55447,22.08908,21.16905
17.9018,62.85071,22.16239,21.10929
17.9147,63.14584,22.23536,21.04526
17.9154,63.43982,22.30799,20.97702
17.9276,63.73276,22.38028,20.90456
17.9404,64.02457,22.45224,20.82795
17.9530,64.31528,22.52381,20.74726
17.9659,64.60492,22.59502,20.66253
17.9666,64.89346,22.66584,20.57383
17.9782,65.18094,22.73630,20.48119
17.9908,65.46735,22.80636,20.38469
18.0035,65.75275,22.87605,20.28436
18.0154,66.03705,22.94533,20.18027
18.0162,66.32031,23.01423,20.07248
18.0277,66.60254,23.08272,19.96102
18.0399,66.88376,23.15081,19.84596
18.0520,67.16394,23.21849,19.72735
18.0643,67.44312,23.28577,19.60523
18.0764,67.72128,23.35263,19.47967
18.0771,67.99844,23.41908,19.35070
18.0885,68.27463,23.48511,19.21838
18.1007,68.54984,23.55072,19.08276
18.1129,68.82404,23.61590,18.94387
18.1249,69.09726,23.68065,18.80177
18.1256,69.36954,23.74497,18.65650
18.1368,69.64084,23.80886,18.50810
18.1486,69.91119,23.87231,18.35661
18.1606,70.18057,23.93533,18.20207
18.1724,70.44901,23.99790,18.04452
18.1842,70.71652,24.06004,17.88400
18.1960,70.98309,24.12173,17.72054
18.1969,71.24875,24.18297,17.55420
18.2079,71.51346,24.24377,17.38500
18.2197,71.77725,24.30411,17.21299
18.2311,72.04013,24.36400,17.03821
18.2428,72.30209,24.42343,16.86069
18.2548,72.56311,24.48239,16.68049
18.2554,72.82321,24.54088,16.49764
18.2666,73.08237,24.59888,16.31219
18.2785,73.34061,24.65641,16.12417
18.2899,73.59793,24.71347,15.93360
18.3015,73.85434,24.77003,15.74053
18.3132,74.10983,24.82612,15.54499
18.3247,74.36444,24.88173,15.34702
18.3255,74.61813,24.93684,15.14663
18.3358,74.87094,24.99147,14.94388
18.3474,75.12286,25.04561,14.73878
18.3589,75.37390,25.09925,14.53138
18.3703,75.62405,25.15241,14.32170
18.3819,75.87332,25.20507,14.10978
18.3934,76.12173,25.25723,13.89564
18.4051,76.36926,25.30890,13.67931
18.4059,76.61594,25.36007,13.46083
18.4163,76.86172,25.41074,13.24023
18.4280,77.10666,25.46091,13.01752
18.4418,77.35074,25.51057,12.79276
18.4542,77.59396,25.55973,12.56597
18.4669,77.83633,25.60838,12.33717
18.4676,78.07788,25.65652,12.10639
18.4792,78.31857,25.70416,11.87365
18.4916,78.55844,25.75129,11.63898
18.5039,78.79749,25.79791,11.40240
18.5160,79.03568,25.84401,11.16397
18.5171,79.27304,25.88961,10.92369
18.5283,79.50958,25.93468,10.68159
18.5400,79.74530,25.97925,10.43769
18.5521,79.98019,26.02330,10.19203
18.5643,80.21426,26.06683,9.94463
18.5763,80.44754,26.10984,9.69553
18.5771,80.67999,26.15233,9.44473
18.5883,80.91165,26.19431,9.19225
18.6003,81.14249,26.23575,8.93816
18.6124,81.37250,26.27667,8.68247
18.6245,81.60168,26.31706,8.42521
18.6364,81.83008,26.35693,8.16638
18.6372,82.05765,26.39626,7.90602
18.6481,82.28442,26.43507,7.64414
18.6605,82.51041,26.47335,7.38078
18.6721,82.73560,26.51110,7.11594
18.6840,82.95999,26.54834,6.84964
18.6962,83.18359,26.58503,6.58193
18.6969,83.40637,26.62119,6.31284
18.7081,83.62836,26.65681,6.04235
18.7199,83.84955,26.69191,5.77052
18.7318,84.07001,26.72647,5.49738
18.7439,84.28967,26.76051,5.22292
18.7560,84.50861,26.79402,4.94716
18.7569,84.72681,26.82701,4.67014
18.7679,84.94431,26.85949,4.39187
18.7799,85.16110,26.89146,4.11237
18.7918,85.37723,26.92291,3.83164
18.8039,85.59268,26.95387,3.54973
18.8163,85.80750,26.98432,3.26663
18.8170,86.02167,27.01427,2.98238
18.8282,86.23520,27.04371,2.69701
18.8402,86.44809,27.07265,2.41051
18.8522,86.66037,27.10108,2.12293
18.8639,86.87198,27.12901,1.83427
18.8760,87.08301,27.15644,1.54453
18.8769,87.29340,27.18337,1.25375
18.8882,87.50317,27.20981,0.96191
18.9020,87.71234,27.23575,0.66905
18.9191,87.92090,27.26119,0.37518
18.9198,88.12885,27.28614,0.08030
18.9300,88.33618,27.31060,-0.21557
18.9399,88.54291,27.33456,-0.51241
18.9516,88.74902,27.35804,-0.81020
18.9634,88.95453,27.38102,-1.10895
18.9753,89.15945,27.40352,-1.40862
18.9762,89.36377,27.42554,-1.70922
18.9875,89.56747,27.44706,-2.01073
18.9992,89.77060,27.46811,-2.31313
19.0110,89.97314,27.48867,-2.61640
19.0229,90.17508,27.50875,-2.92055
19.0355,90.37643,27.52835,-3.22555
19.0364,90.57721,27.54748,-3.53139
19.0472,90.77740,27.56613,-3.83807
19.0591,90.97702,27.58431,-4.14558
19.0712,91.17606,27.60201,-4.45389
19.0836,91.37451,27.61924,-4.76300
19.0957,91.57242,27.63601,-5.07290
19.0965,91.76974,27.65230,-5.38357
19.1079,91.96649,27.66813,-5.69501
19.1198,92.16269,27.68350,-6.00719
19.1321,92.35831,27.69840,-6.32013
19.1441,92.55338,27.71284,-6.63380
19.1560,92.74789,27.72683,-6.94819
19.1568,92.94186,27.74036,-7.26329
19.1680,93.13527,27.75343,-7.57909
19.1802,93.32812,27.76605,-7.89559
19.1930,93.52045,27.77821,-8.21278
19.2052,93.71222,27.78993,-8.53063
19.2060,93.90346,27.80120,-8.84915
19.2170,94.09415,27.81203,-9.16833
19.2292,94.28430,27.82241,-9.48815
19.2409,94.47392,27.83235,-9.80862
19.2519,94.66302,27.84185,-10.12971
19.2627,94.85159,27.85091,-10.45142
19.2738,95.03964,27.85954,-10.77374
19.2854,95.22716,27.86774,-11.09666
19.2863,95.41415,27.87550,-11.42017
19.2967,95.60065,27.88283,-11.74428
19.3083,95.78662,27.88974,-12.06896
19.3201,95.97208,27.89622,-12.39421
19.3316,96.15703,27.90228,-12.72002
19.3435,96.34148,27.90791,-13.04639
19.3552,96.52542,27.91313,-13.37331
19.3560,96.70886,27.91793,-13.70076
19.3668,96.89180,27.92232,-14.02875
19.3783,97.07425,27.92629,-14.35726
19.3901,97.25621,27.92986,-14.68629
19.4021,97.43768,27.93301,-15.01582
19.4140,97.61867,27.93576,-15.34586
19.4257,97.79916,27.93811,-15.67640
19.4265,97.97917,27.94005,-16.00742
19.4373,98.15871,27.94159,-16.33894
19.4488,98.33777,27.94274,-16.67092
19.4607,98.51636,27.94349,-17.00338
19.4722,98.69447,27.94385,-17.33630
19.4837,98.87212,27.94382,-17.66967
19.4954,99.04930,27.94340,-18.00349
19.4962,99.22601,27.94260,-18.33777
19.5070,99.40227,27.94141,-18.67249
19.5183,99.57806,27.93983,-19.00763
19.5297,99.75342,27.93788,-19.34320
19.5413,99.92831,27.93555,-19.67920
19.5529,100.10275,27.93285,-20.01561
19.5642,100.27675,27.92977,-20.35243
19.5756,100.45030,27.92632,-20.68966
19.5763,100.62341,27.92250,-21.02728
19.5868,100.79608,27.91832,-21.36530
19.5982,100.96832,27.91377,-21.70371
19.6095,101.14012,27.90886,-22.04250
19.6207,101.31149,27.90359,-22.38167
19.6320,101.48244,27.89796,-22.72121
19.6430,101.65295,27.89198,-23.06111
19.6543,101.82304,27.88564,-23.40137
19.6655,101.99272,27.87894,-23.74200
19.6663,102.16197,27.87190,-24.08297
19.6765,102.33081,27.86451,-24.42429
19.6877,102.49924,27.85678,-24.76595
19.6988,102.66725,27.84870,-25.10794
19.7101,102.83485,27.84027,-25.45026
19.7213,103.00206,27.83151,-25.79291
19.7324,103.16885,27.82241,-26.13587
19.7437,103.33525,27.81297,-26.47915
19.7543,103.50124,27.80320,-26.82273
19.7655,103.66682,27.79309,-27.16660
19.7663,103.83202,27.78264,-27.51075
19.7764,103.99681,27.77186,-27.85520
19.7872,104.16121,27.76075,-28.19992
19.7981,104.32523,27.74932,-28.54493
19.8093,104.48885,27.73755,-28.89020
19.8203,104.65208,27.72546,-29.23574
19.8314,104.81494,27.71305,-29.58154
19.8439,104.97742,27.70032,-29.92759
19.8560,105.13951,27.68726,-30.27390
19.8567,105.30122,27.67389,-30.62046
19.8681,105.46257,27.66021,-30.96727
19.8799,105.62354,27.64621,-31.31433
19.8920,105.78413,27.63190,-31.66162
19.9037,105.94437,27.61729,-32.00915
19.9156,106.10423,27.60237,-32.35691
19.9166,106.26373,27.58714,-32.70491
19.9269,106.42288,27.57161,-33.05312
19.9382,106.58167,27.55578,-33.40157
19.9498,106.74010,27.53966,-33.75023
19.9610,106.89818,27.52324,-34.09911
19.9729,107.05591,27.50652,-34.44821
19.9838,107.21329,27.48951,-34.79752
19.9954,107.37033,27.47222,-35.14704
19.9960,107.52702,27.45464,-35.49677
20.0065,107.68338,27.43677,-35.84670
20.0178,107.83940,27.41862,-36.19684
20.0290,107.99509,27.40018,-36.54717
20.0400,108.15044,27.38147,-36.89769
20.0508,108.30545,27.36248,-37.24840
20.0619,108.46013,27.34320,-37.59928
20.0728,108.61447,27.32364,-37.95033
20.0839,108.76849,27.30381,-38.30154
20.0946,108.92218,27.28369,-38.65291
20.1052,109.07553,27.26330,-39.00443
20.1059,109.22856,27.24263,-39.35611
20.1161,109.38127,27.22169,-39.70793
20.1268,109.53366,27.20048,-40.05989
20.1379,109.68573,27.17900,-40.41200
20.1490,109.83748,27.15725,-40.76425
20.1597,109.98891,27.13523,-41.11664
20.1707,110.14003,27.11295,-41.46916
20.1816,110.29083,27.09040,-41.82181
20.1923,110.44133,27.06760,-42.17460
20.2031,110.59152,27.04453,-42.52752
20.2141,110.74141,27.02121,-42.88056
20.2248,110.89099,26.99764,-43.23373
20.2255,111.04028,26.97382,-43.58703
20.2360,111.18927,26.94975,-43.94046
20.2468,111.33797,26.92543,-44.29401
20.2575,111.48637,26.90086,-44.64768
20.2686,111.63449,26.87606,-45.00147
20.2796,111.78232,26.85101,-45.35538
20.2906,111.92986,26.82571,-45.70942
20.3012,112.07712,26.80019,-46.06356
20.3123,112.22409,26.77442,-46.41782
20.3230,112.37079,26.74842,-46.77219
20.3340,112.51720,26.72219,-47.12668
20.3450,112.66333,26.69574,-47.48127
20.3457,112.80920,26.66905,-47.83598
20.3560,112.95480,26.64214,-48.19080
20.3671,113.10013,26.61500,-48.54572
20.3782,113.24519,26.58764,-48.90075
20.3895,113.38998,26.56007,-49.25588
20.4006,113.53452,26.53227,-49.61112
20.4117,113.67879,26.50426,-49.96646
20.4226,113.82280,26.47603,-50.32190
20.4336,113.96655,26.44759,-50.67744
20.4450,114.11005,26.41894,-51.03308
20.4458,114.25330,26.39008,-51.38882
20.4559,114.39629,26.36101,-51.74466
20.4666,114.53903,26.33173,-52.10059
20.4774,114.68152,26.30226,-52.45661
20.4883,114.82378,26.27258,-52.81274
20.4994,114.96577,26.24270,-53.16895
20.5103,115.10753,26.21263,-53.52527
20.5215,115.24908,26.18236,-53.88168
20.5322,115.39038,26.15189,-54.23818
20.5433,115.53148,26.12124,-54.59477
20.5538,115.67232,26.09039,-54.95146
20.5649,115.81293,26.05936,-55.30824
20.5655,115.95328,26.02814,-55.66512
20.5758,116.09335,25.99675,-56.02210
20.5864,116.23318,25.96518,-56.37918
20.5970,116.37271,25.93343,-56.73637
20.6079,116.51195,25.90152,-57.09368
20.6191,116.65086,25.86946,-57.45110
20.6298,116.78944,25.83723,-57.80864
20.6406,116.92767,25.80486,-58.16630
20.6514,117.06551,25.77234,-58.52410
20.6622,117.20296,25.73969,-58.88202
20.6732,117.33998,25.70692,-59.24009
20.6841,117.47656,25.67403,-59.59830
20.6949,117.61267,25.64103,-59.95665
20.6956,117.74829,25.60793,-60.31515
20.7058,117.88339,25.57473,-60.67380
20.7165,118.01796,25.54145,-61.03261
20.7274,118.15199,25.50810,-61.39157
20.7382,118.28543,25.47467,-61.75069
20.7495,118.41826,25.44119,-62.10997
20.7606,118.55048,25.40766,-62.46941
20.7714,118.68205,25.37408,-62.82902
20.7823,118.81296,25.34047,-63.18879
20.7930,118.94319,25.30684,-63.54874
20.8040,119.07271,25.27319,-63.90885
20.8149,119.20151,25.23954,-64.26914
20.8156,119.32956,25.20588,-64.62959
20.8260,119.45685,25.17225,-64.99023
20.8373,119.58334,25.13863,-65.35104
20.8487,119.70903,25.10505,-65.71202
20.8591,119.83389,25.07151,-66.07320
20.8699,119.95792,25.03802,-66.43459
20.8807,120.08109,25.00460,-66.79618
20.8917,120.20337,24.97124,-67.15797
20.9023,120.32475,24.93797,-67.51995
20.9135,120.44522,24.90479,-67.88214
20.9246,120.56476,24.87172,-68.24453
20.9352,120.68333,24.83876,-68.60712
20.9360,120.80093,24.80592,-68.96990
20.9459,120.91753,24.77322,-69.33288
20.9570,121.03311,24.74066,-69.69606
20.9676,121.14766,24.70825,-70.05943
20.9785,121.26115,24.67601,-70.42299
20.9894,121.37357,24.64396,-70.78675
21.0000,121.48486,24.61208,-71.15070
21.0110,121.59508,24.58042,-71.51488
21.0219,121.70418,24.54896,-71.87928
21.0328,121.81213,24.51773,-72.24390
21.0449,121.91891,24.48674,-72.60875
21.0456,122.02454,24.45599,-72.97382
21.0547,122.12897,24.42551,-73.33910
21.0655,122.23216,24.39529,-73.70461
21.0763,122.33415,24.36536,-74.07032
21.0869,122.43488,24.33572,-74.43626
21.0981,122.53435,24.30638,-74.80240
21.1091,122.63252,24.27736,-75.16876
21.1198,122.72939,24.24866,-75.53531
21.1304,122.82495,24.22031,-75.90208
21.1413,122.91917,24.19230,-76.26904
21.1521,123.01204,24.16466,-76.63620
21.1630,123.10355,24.13738,-77.00355
21.1743,123.19366,24.11049,-77.37109
21.1848,123.28238,24.08399,-77.73881
21.1855,123.36967,24.05790,-78.10672
21.1954,123.45554,24.03222,-78.47481
21.2062,123.53996,24.00697,-78.84307
21.2168,123.62292,23.98215,-79.21150
21.2278,123.70441,23.95779,-79.58010
21.2388,123.78439,23.93388,-79.94886
21.2497,123.86287,23.91044,-80.31777
21.2607,123.93982,23.88749,-80.68684
21.2718,124.01521,23.86502,-81.05605
21.2829,124.08907,23.84306,-81.42541
21.2938,124.16135,23.82161,-81.79489
21.3046,124.23204,23.80069,-82.16451
21.3155,124.30115,23.78030,-82.53425
21.3163,124.36862,23.76045,-82.90410
21.3269,124.43449,23.74115,-83.27405
21.3377,124.49872,23.72242,-83.64411
21.3488,124.56129,23.70426,-84.01425
21.3599,124.62219,23.68668,-84.38448
21.3710,124.68141,23.66970,-84.75479
21.3826,124.73894,23.65332,-85.12516
21.3932,124.79478,23.63755,-85.49559
21.4043,124.84889,23.62241,-85.86607
21.4154,124.90128,23.60789,-86.23660
21.4162,124.95192,23.59402,-86.60717
21.4264,125.00081,23.58080,-86.97777
21.4371,125.04793,23.56824,-87.34840
21.4481,125.09326,23.55635,-87.71903
21.4589,125.13681,23.54514,-88.08967
21.4698,125.17856,23.53461,-88.46030
21.4805,125.21849,23.52479,-88.83091
21.4912,125.25661,23.51567,-89.20149
21.5021,125.29288,23.50726,-89.57203
21.5130,125.32732,23.49957,-89.94251
21.5236,125.35989,23.49261,-90.31293
21.5342,125.39062,23.48640,-90.68327
21.5450,125.41946,23.48093,-91.05352
21.5458,125.44641,23.47621,-91.42367
21.5562,125.47147,23.47226,-91.79370
21.5664,125.49461,23.46908,-92.16361
21.5772,125.51585,23.46667,-92.53338
21.5882,125.53517,23.46506,-92.90299
21.5994,125.55255,23.46423,-93.27244
21.6105,125.56799,23.46421,-93.64170
21.6216,125.58148,23.46500,-94.01078
21.6326,125.59300,23.46661,-94.37965
21.6439,125.60257,23.46904,-94.74829
21.6548,125.61015,23.47231,-95.11670
21.6555,125.61577,23.47641,-95.48487
21.6657,125.61937,23.48135,-95.85277
21.6767,125.62100,23.48715,-96.22039
21.6874,125.62061,23.49381,-96.58772
21.6984,125.61819,23.50134,-96.95474
21.7092,125.61377,23.50974,-97.32143
21.7202,125.60732,23.51901,-97.68779
21.7313,125.59883,23.52917,-98.05379
21.7424,125.58832,23.54023,-98.41943
21.7532,125.57576,23.55218,-98.78468
21.7645,125.56114,23.56504,-99.14953
21.7752,125.54448,23.57880,-99.51396
21.7760,125.52576,23.59348,-99.87795
21.7862,125.50496,23.60909,-100.24150
21.7970,125.48210,23.62562,-100.60458
21.8080,125.45715,23.64308,-100.96718
21.8188,125.43015,23.66148,-101.32928
21.8298,125.40105,23.68082,-101.69086
21.8409,125.36986,23.70111,-102.05191
21.8519,125.33658,23.72236,-102.41241
21.8630,125.30119,23.74456,-102.77234
21.8739,125.26372,23.76773,-103.13168
21.8850,125.22414,23.79187,-103.49042
21.8858,125.18245,23.81698,-103.84854
21.8960,125.13866,23.84306,-104.20602
21.9070,125.09274,23.87013,-104.56285
21.9183,125.04471,23.89819,-104.91900
21.9291,124.99455,23.92723,-105.27446
21.9400,124.94228,23.95727,-105.62920
21.9509,124.88788,23.98831,-105.98321
21.9619,124.83133,24.02035,-106.33647
21.9728,124.77266,24.05339,-106.68896
21.9837,124.71184,24.08744,-107.04066
21.9945,124.64890,24.12251,-107.39156
22.0055,124.58380,24.15859,-107.74162
22.0062,124.51656,24.19569,-108.09084
22.0162,124.44717,24.23381,-108.43919
22.0274,124.37564,24.27296,-108.78665
22.0382,124.30199,24.31313,-109.13321
22.0491,124.22617,24.35433,-109.47884
22.0600,124.14819,24.39656,-109.82352
22.0709,124.06807,24.43983,-110.16723
22.0820,123.98579,24.48413,-110.50996
22.0928,123.90140,24.52946,-110.85167
22.1038,123.81482,24.57582,-111.19234
22.1148,123.72610,24.62323,-111.53195
22.1156,123.63522,24.67167,-111.87049
22.1257,123.54219,24.72116,-112.20791
22.1365,123.44698,24.77168,-112.54421
22.1473,123.34958,24.82325,-112.87935
22.1586,123.25002,24.87585,-113.21332
22.1695,123.14825,24.92950,-113.54608
22.1804,123.04431,24.98419,-113.87761
22.1913,122.93819,25.03992,-114.20788
22.2044,122.82988,25.09670,-114.53687
22.2146,122.71935,25.15452,-114.86456
22.2153,122.60663,25.21338,-115.19092
22.2247,122.49171,25.27328,-115.51591
22.2356,122.37459,25.33421,-115.83953
22.2468,122.25528,25.39619,-116.16174
22.2577,122.13374,25.45920,-116.48250
22.2688,122.01001,25.52324,-116.80181
22.2799,121.88408,25.58831,-117.11963
22.2909,121.75595,25.65442,-117.43594
22.3020,121.62561,25.72155,-117.75071
22.3130,121.49307,25.78971,-118.06390
22.3242,121.35832,25.85890,-118.37551
22.3354,121.22137,25.92910,-118.68550
22.3362,121.08226,26.00031,-118.99384
22.3464,120.94093,26.07254,-119.30051
22.3574,120.79742,26.14577,-119.60548
22.3687,120.65172,26.22001,-119.90872
22.3797,120.50385,26.29525,-120.21022
22.3907,120.35381,26.37148,-120.50993
22.4018,120.20157,26.44870,-120.80785
22.4140,120.04716,26.52692,-121.10394
22.4241,119.89061,26.60612,-121.39817
22.4352,119.73190,26.68630,-121.69052
22.4360,119.57104,26.76746,-121.98096
22.4476,119.40804,26.84959,-122.26947
22.4580,119.24287,26.93269,-122.55603
22.4725,119.07561,27.01674,-122.84059
22.4816,118.90620,27.10176,-123.12315
22.4911,118.73468,27.18772,-123.40367
22.5021,118.56105,27.27462,-123.68213
22.5133,118.38533,27.36246,-123.95850
22.5245,118.20753,27.45122,-124.23276
22.5359,118.02766,27.54090,-124.50488
22.5367,117.84573,27.63148,-124.77483
22.5470,117.66174,27.72298,-125.04259
22.5582,117.47571,27.81536,-125.30812
22.5694,117.28763,27.90862,-125.57139
22.5809,117.09752,28.00275,-125.83238
22.5918,116.90538,28.09774,-126.09105
22.6028,116.71123,28.19359,-126.34737
22.6140,116.51505,28.29028,-126.60130
22.6250,116.31686,28.38780,-126.85281
22.6257,116.11667,28.48613,-127.10187
22.6363,115.91447,28.58528,-127.34844
22.6473,115.71030,28.68522,-127.59249
22.6587,115.50414,28.78595,-127.83399
22.6701,115.29599,28.88744,-128.07290
22.6810,115.08591,28.98968,-128.30920
22.6922,114.87386,29.09267,-128.54284
22.7035,114.65987,29.19638,-128.77380
22.7148,114.44394,29.30081,-129.00203
22.7155,114.22610,29.40593,-129.22752
22.7262,114.00636,29.51174,-129.45023
22.7372,113.78473,29.61822,-129.67013
22.7484,113.56122,29.72535,-129.88718
22.7600,113.33585,29.83311,-130.10136
22.7713,113.10861,29.94149,-130.31263
22.7825,112.87956,30.05049,-130.52096
22.7942,112.64868,30.16006,-130.72633
22.8053,112.41600,30.27021,-130.92870
22.8061,112.18152,30.38092,-131.12804
22.8166,111.94530,30.49216,-131.32433
22.8280,111.70731,30.60392,-131.51753
22.8393,111.46759,30.71620,-131.70762
22.8507,111.22617,30.82895,-131.89457
22.8620,110.98303,30.94217,-132.07834
22.8735,110.73825,31.05584,-132.25892
22.8850,110.49181,31.16993,-132.43628
22.8857,110.24374,31.28444,-132.61039
22.8963,109.99408,31.39934,-132.78122
22.9077,109.74281,31.51461,-132.94875
22.9191,109.49001,31.63023,-133.11295
22.9307,109.23566,31.74619,-133.27380
22.9421,108.97980,31.86246,-133.43128
22.9534,108.72246,31.97904,-133.58535
22.9651,108.46364,32.09587,-133.73600
22.9658,108.20340,32.21298,-133.88320
22.9764,107.94173,32.33032,-134.02693
22.9880,107.67868,32.44787,-134.16716
22.9992,107.41428,32.56562,-134.30388
23.0109,107.14854,32.68354,-134.43707
23.0223,106.88148,32.80162,-134.56669
23.0340,106.61316,32.91983,-134.69273
23.0454,106.34358,33.03816,-134.81519
23.0462,106.07280,33.15657,-134.93402
23.0570,105.80083,33.27504,-135.04922
23.0685,105.52769,33.39357,-135.16077
23.0801,105.25343,33.51211,-135.26865
23.0917,104.97807,33.63065,-135.37285
23.1033,104.70166,33.74916,-135.47335
23.1151,104.42421,33.86764,-135.57013
23.1158,104.14575,33.98605,-135.66318
23.1266,103.86632,34.10437,-135.75247
23.1383,103.58595,34.22258,-135.83799
23.1502,103.30466,34.34067,-135.91974
23.1618,103.02251,34.45861,-135.99769
23.1738,102.73949,34.57637,-136.07183
23.1854,102.45566,34.69394,-136.14217
23.1863,102.17105,34.81128,-136.20868
23.1973,101.88568,34.92839,-136.27136
23.2090,101.59959,35.04522,-136.33020
23.2209,101.31284,35.16177,-136.38519
23.2328,101.02542,35.27801,-136.43633
23.2450,100.73740,35.39391,-136.48359
23.2457,100.44878,35.50946,-136.52699
23.2568,100.15961,35.62462,-136.56651
23.2691,99.86993,35.73938,-136.60215
23.2808,99.57976,35.85372,-136.63390
23.2930,99.28915,35.96759,-136.66175
23.3052,98.99815,36.08100,-136.68572
23.3059,98.70677,36.19388,-136.70581
23.3173,98.41504,36.30625,-136.72199
23.3295,98.12302,36.41806,-136.73427
23.3421,97.83072,36.52929,-136.74266
23.3542,97.53821,36.63991,-136.74718
23.3667,97.24553,36.74989,-136.74785
23.3673,96.95271,36.85920,-136.74464
23.3791,96.65974,36.96785,-136.73754
23.3912,96.36673,37.07577,-136.72661
23.4040,96.07368,37.18296,-136.71181
23.4163,95.78072,37.28934,-136.69331
23.4170,95.48868,37.39435,-136.67255
23.4290,95.19736,37.49813,-136.64952
23.4416,94.90747,37.60020,-136.62547
23.4541,94.61899,37.70059,-136.60049
23.4668,94.33212,37.79918,-136.57496
23.4675,94.04683,37.89599,-136.54887
23.4798,93.76309,37.99102,-136.52219
23.4922,93.48090,38.08432,-136.49491
23.5048,93.20023,38.17586,-136.46701
23.5057,92.92102,38.26568,-136.43848
23.5174,92.64334,38.35379,-136.40931
23.5301,92.36710,38.44020,-136.37947
23.5429,92.09225,38.52491,-136.34895
23.5556,91.81888,38.60794,-136.31775
23.5565,91.54691,38.68931,-136.28584
23.5685,91.27634,38.76902,-136.25321
23.5811,91.00714,38.84708,-136.21986
23.5935,90.73920,38.92355,-136.18574
23.6063,90.47253,38.99842,-136.15086
23.6071,90.20712,39.07170,-136.11519
23.6188,89.94293,39.14341,-136.07873
23.6313,89.67999,39.21354,-136.04147
23.6438,89.41824,39.28210,-136.00339
23.6563,89.15775,39.34909,-135.96449
23.6572,88.89841,39.41453,-135.92475
23.6690,88.64032,39.47840,-135.88416
23.6812,88.38339,39.54071,-135.84272
23.6935,88.12766,39.60147,-135.80040
23.7059,87.87311,39.66067,-135.75731
23.7068,87.61975,39.71830,-135.71351
23.7178,87.36765,39.77439,-135.66900
23.7297,87.11673,39.82893,-135.62390
23.7414,86.86707,39.88191,-135.57824
23.7533,86.61862,39.93335,-135.53204
23.7650,86.37140,39.98324,-135.48523
23.7657,86.12534,40.03159,-135.43746
23.7763,85.88037,40.07839,-135.38875
23.7884,85.63651,40.12364,-135.33907
23.8002,85.39377,40.16734,-135.28844
23.8122,85.15213,40.20948,-135.23684
23.8241,84.91162,40.25008,-135.18427
23.8362,84.67221,40.28912,-135.13073
23.8369,84.43393,40.32660,-135.07620
23.8481,84.19675,40.36253,-135.02070
23.8595,83.96066,40.39690,-134.96421
23.8710,83.72568,40.42970,-134.90674
23.8824,83.49182,40.46093,-134.84828
23.8936,83.25906,40.49060,-134.78883
23.9044,83.02740,40.51870,-134.72840
23.9152,82.79684,40.54522,-134.66697
23.9161,82.56738,40.57016,-134.60455
23.9259,82.33902,40.59352,-134.54115
23.9368,82.11179,40.61531,-134.47675
23.9476,81.88565,40.63552,-134.41137
23.9584,81.66061,40.65414,-134.34500
23.9691,81.43668,40.67118,-134.27765
23.9798,81.21384,40.68663,-134.20931
23.9907,80.99213,40.70050,-134.13999
24.0014,80.77151,40.71278,-134.06969
24.0121,80.55200,40.72347,-133.99841
24.0228,80.33362,40.73256,-133.92617
24.0333,80.11630,40.74007,-133.85293
24.0436,79.90009,40.74599,-133.77872
24.0539,79.68491,40.75032,-133.70353
24.0643,79.47083,40.75305,-133.62737
24.0746,79.25781,40.75418,-133.55025
24.0753,79.04590,40.75373,-133.47216
24.0851,78.83511,40.75167,-133.39312
24.0953,78.62540,40.74801,-133.31313
24.1055,78.41678,40.74273,-133.23219
24.1156,78.20926,40.73585,-133.15030
24.1258,78.00284,40.72735,-133.06749
24.1352,77.79755,40.71725,-132.98375
24.1449,77.59335,40.70552,-132.89908
24.1637,77.39032,40.69218,-132.81350
24.1732,77.18839,40.67721,-132.72701
24.1825,76.98758,40.66061,-132.63963
24.1920,76.78790,40.64238,-132.55134
24.2018,76.58939,40.62245,-132.46198
24.2111,76.39209,40.60075,-132.37144
24.2210,76.19598,40.57724,-132.27962
24.2303,76.00113,40.55184,-132.18639
24.2400,75.80759,40.52447,-132.09160
24.2497,75.61557,40.49462,-131.99419
24.2600,75.42529,40.46216,-131.89404
24.2693,75.23712,40.42646,-131.78989
24.2789,75.05127,40.38711,-131.68110
24.2888,74.86789,40.34413,-131.56775
24.2986,74.68692,40.29750,-131.44992
24.3083,74.50842,40.24723,-131.32776
24.3178,74.33246,40.19332,-131.20132
24.3275,74.15900,40.13578,-131.07072
24.3373,73.98813,40.07460,-130.93604
24.3466,73.81985,40.00981,-130.79739
24.3564,73.65417,39.94139,-130.65484
24.3659,73.49115,39.86937,-130.50851
24.3755,73.33078,39.79374,-130.35847
24.3853,73.17310,39.71451,-130.20481
24.3947,73.01813,39.63167,-130.04760
24.4139,72.86591,39.54522,-129.88693
24.4234,72.71643,39.45520,-129.72293
24.4329,72.56970,39.36164,-129.55565
24.4426,72.42572,39.26458,-129.38525
24.4526,72.28445,39.16404,-129.21177
24.4617,72.14590,39.06008,-129.03526
24.4711,72.01004,38.95272,-128.85574
24.4806,71.87680,38.84200,-128.67326
24.4901,71.74619,38.72795,-128.48784
24.4999,71.61816,38.61063,-128.29956
24.5091,71.49271,38.49007,-128.10847
24.5186,71.36978,38.36632,-127.91463
24.5281,71.24936,38.23943,-127.71810
24.5375,71.13141,38.10943,-127.51892
24.5469,71.01590,37.97638,-127.31716
24.5566,70.90280,37.84031,-127.11287
24.5663,70.79208,37.70125,-126.90611
24.5754,70.68375,37.55927,-126.69692
24.5847,70.57773,37.41439,-126.48536
24.6044,70.47403,37.26665,-126.27149
24.6131,70.37262,37.11610,-126.05535
24.6224,70.27347,36.96278,-125.83700
24.6316,70.17654,36.80672,-125.61648
24.6411,70.08182,36.64797,-125.39385
24.6505,69.98929,36.48655,-125.16915
24.6602,69.89890,36.32251,-124.94243
24.6692,69.81064,36.15589,-124.71373
24.6789,69.72452,35.98671,-124.48311
24.6881,69.64047,35.81501,-124.25060
24.6975,69.55850,35.64084,-124.01625
24.7069,69.47858,35.46422,-123.78011
24.7166,69.40067,35.28519,-123.54222
24.7257,69.32477,35.10379,-123.30263
24.7354,69.25082,34.92006,-123.06139
24.7447,69.17886,34.73403,-122.81855
24.7635,69.10883,34.54573,-122.57413
24.7731,69.04071,34.35519,-122.32817
24.7823,68.97449,34.16245,-122.08073
24.7917,68.91013,33.96753,-121.83182
24.8009,68.84763,33.77047,-121.58150
24.8103,68.78696,33.57130,-121.32979
24.8199,68.72809,33.37005,-121.07675
24.8288,68.67102,33.16676,-120.82241
24.8382,68.61572,32.96145,-120.56681
24.8477,68.56216,32.75415,-120.30997
24.8569,68.51035,32.54490,-120.05195
24.8664,68.46024,32.33372,-119.79276
24.8756,68.41180,32.12064,-119.53244
24.8849,68.36505,31.90568,-119.27102
24.9033,68.31995,31.68888,-119.00854
24.9125,68.27646,31.47026,-118.74503
24.9217,68.23459,31.24984,-118.48051
24.9309,68.19431,31.02767,-118.21502
24.9404,68.15561,30.80375,-117.94857
24.9497,68.11847,30.57811,-117.68123
24.9590,68.08286,30.35080,-117.41302
24.9683,68.04874,30.12182,-117.14398
24.9776,68.01608,29.89124,-116.87418
24.9869,67.98489,29.65905,-116.60361
24.9962,67.95520,29.42531,-116.33228
25.0059,67.92694,29.19005,-116.06021
25.0239,67.90012,28.95330,-115.78741
25.0330,67.87473,28.71506,-115.51385
25.0423,67.85077,28.47538,-115.23957
25.0514,67.82828,28.23430,-114.96456
25.0608,67.80716,27.99186,-114.68885
25.0699,67.78745,27.74810,-114.41247
25.0792,67.76910,27.50306,-114.13544
25.0885,67.75217,27.25676,-113.85774
25.0976,67.73654,27.00925,-113.57942
25.1066,67.72226,26.76056,-113.30050
25.1160,67.70929,26.51074,-113.02098
25.1251,67.69763,26.25982,-112.74088
25.1433,67.68729,26.00782,-112.46020
25.1524,67.67825,25.75480,-112.17897
25.1615,67.67047,25.50079,-111.89718
25.1707,67.66397,25.24583,-111.61486
25.1800,67.65869,24.98996,-111.33199
25.1892,67.65472,24.73322,-111.04857
25.1983,67.65201,24.47565,-110.76460
25.2074,67.65051,24.21730,-110.48008
25.2168,67.65030,23.95821,-110.19500
25.2256,67.65134,23.69841,-109.90938
25.2350,67.65356,23.43794,-109.62320
25.2531,67.65704,23.17685,-109.33647
25.2624,67.66177,22.91518,-109.04919
25.2714,67.66772,22.65297,-108.76136
25.2803,67.67493,22.39025,-108.47297
25.2893,67.68332,22.12707,-108.18404
25.2986,67.69293,21.86346,-107.89456
25.3079,67.70380,21.59946,-107.60454
25.3169,67.71585,21.33512,-107.31399
25.3259,67.72913,21.07045,-107.02289
25.3350,67.74359,20.80550,-106.73126
25.3533,67.75928,20.54031,-106.43911
25.3621,67.77615,20.27492,-106.14647
25.3712,67.79422,20.00938,-105.85332
25.3804,67.81348,19.74376,-105.55965
25.3893,67.83395,19.47805,-105.26538
25.3988,67.85562,19.21232,-104.97048
25.4078,67.87851,18.94664,-104.67498
25.4174,67.90265,18.68109,-104.37882
25.4265,67.92807,18.41576,-104.08198
25.4353,67.95471,18.15071,-103.78442
25.4450,67.98264,17.88605,-103.48611
25.4708,68.01187,17.62186,-103.18704
25.4716,68.04242,17.35823,-102.88716
25.4817,68.07425,17.09524,-102.58646
25.4909,68.10736,16.83298,-102.28493
25.4996,68.14185,16.57151,-101.98256
25.5089,68.17767,16.31094,-101.67932
25.5181,68.21484,16.05135,-101.37521
25.5276,68.25336,15.79280,-101.07020
25.5373,68.29324,15.53540,-100.76429
25.5479,68.33450,15.27923,-100.45745
25.5567,68.37720,15.02438,-100.14968
25.5674,68.42123,14.77092,-99.84098
25.5777,68.46671,14.51895,-99.53133
25.5890,68.51358,14.26855,-99.22073
25.5998,68.56186,14.01979,-98.90918
25.6116,68.61157,13.77277,-98.59667
25.6231,68.66269,13.52758,-98.28319
25.6349,68.71527,13.28429,-97.96876
25.6356,68.76926,13.04298,-97.65336
25.6477,68.82471,12.80376,-97.33700
25.6601,68.88159,12.56668,-97.01968
25.6718,68.93988,12.33185,-96.70140
25.6837,68.99960,12.09934,-96.38218
25.6958,69.06076,11.86924,-96.06201
25.6967,69.12338,11.64163,-95.74091
25.7092,69.18738,11.41658,-95.41889
25.7228,69.25284,11.19419,-95.09595
25.7345,69.31970,10.97453,-94.77210
25.7498,69.38800,10.75768,-94.44735
25.7505,69.45770,10.54373,-94.12175
25.7637,69.52881,10.33274,-93.79523
25.7755,69.60132,10.12478,-93.46782
25.7764,69.67526,9.91994,-93.13955
25.7876,69.75058,9.71830,-92.81042
25.7999,69.82724,9.51991,-92.48047
25.8125,69.90530,9.32486,-92.14972
25.8235,69.98471,9.13322,-91.81821
25.8474,70.06546,8.94508,-91.48597
25.8480,70.14758,8.76050,-91.15303
25.8485,70.23099,8.57956,-90.81942
25.8584,70.31570,8.40233,-90.48520
25.8698,70.40167,8.22890,-90.15040
25.8811,70.48892,8.05933,-89.81507
25.8912,70.57742,7.89370,-89.47925
25.9017,70.66711,7.73207,-89.14299
25.9134,70.75803,7.57451,-88.80634
25.9250,70.85010,7.42106,-88.46936
25.9258,70.94333,7.27177,-88.13210
25.9374,71.03769,7.12670,-87.79461
25.9491,71.13315,6.98587,-87.45695
25.9611,71.22968,6.84935,-87.11917
25.9724,71.32727,6.71717,-86.78133
25.9835,71.42590,6.58944,-86.44344
25.9945,71.52548,6.46621,-86.10559
26.0055,71.62607,6.34750,-85.76783
26.0063,71.72754,6.23333,-85.43021
26.0178,71.82990,6.12365,-85.09278
26.0286,71.93307,6.01852,-84.75560
26.0391,72.03708,5.91794,-84.41869
26.0504,72.14182,5.82190,-84.08210
26.0614,72.24734,5.73038,-83.74588
26.0727,72.35355,5.64336,-83.41004
26.0840,72.46042,5.56080,-83.07465
26.0949,72.56793,5.48268,-82.73973
26.0957,72.67606,5.40892,-82.40532
26.1067,72.78479,5.33953,-82.07140
26.1167,72.89410,5.27444,-81.73800
26.1271,73.00397,5.21359,-81.40513
26.1375,73.11441,5.15694,-81.07280
26.1485,73.22537,5.10442,-80.74102
26.1597,73.33688,5.05597,-80.40979
26.1709,73.44891,5.01155,-80.07910
26.1818,73.56146,4.97110,-79.74897
26.1931,73.67450,4.93455,-79.41940
26.2043,73.78802,4.90185,-79.09040
26.2155,73.90204,4.87294,-78.76198
26.2163,74.01651,4.84776,-78.43413
26.2293,74.13138,4.82623,-78.10703
26.2407,74.24664,4.80830,-77.78067
26.2522,74.36230,4.79392,-77.45504
26.2641,74.47833,4.78301,-77.13014
26.2755,74.59473,4.77551,-76.80597
26.2762,74.71149,4.77139,-76.48251
26.2873,74.82861,4.77062,-76.15974
26.2981,74.94608,4.77312,-75.83768
26.3090,75.06387,4.77880,-75.51634
26.3197,75.18201,4.78763,-75.19568
26.3307,75.30045,4.79955,-74.87576
26.3416,75.41919,4.81451,-74.55658
26.3522,75.53827,4.83248,-74.23813
26.3633,75.65759,4.85340,-73.92039
26.3742,75.77722,4.87724,-73.60338
26.3851,75.89716,4.90395,-73.28709
26.3858,76.01733,4.93348,-72.97152
26.3966,76.13776,4.96579,-72.65665
26.4077,76.25842,5.00084,-72.34251
26.4182,76.37936,5.03859,-72.02905
26.4295,76.50055,5.07901,-71.71626
26.4403,76.62192,5.12207,-71.40415
26.4521,76.74350,5.16774,-71.09271
26.4634,76.86523,5.21595,-70.78196
26.4747,76.98712,5.26670,-70.47187
26.4755,77.10910,5.31998,-70.16243
26.4886,77.23114,5.37578,-69.85364
26.5002,77.35321,5.43406,-69.54549
26.5135,77.47522,5.49481,-69.23798
26.5243,77.59717,5.55800,-68.93111
26.5373,77.71906,5.62360,-68.62486
26.5382,77.84082,5.69159,-68.31924
26.5513,77.96252,5.76193,-68.01425
26.5635,78.08408,5.83458,-67.70988
26.5747,78.20554,5.90953,-67.40613
26.5883,78.32690,5.98674,-67.10300
26.5893,78.44818,6.06618,-66.80047
26.6019,78.56937,6.14782,-66.49856
26.6145,78.69046,6.23162,-66.19725
26.6273,78.81146,6.31758,-65.89654
26.6281,78.93237,6.40566,-65.59642
26.6394,79.05319,6.49583,-65.29690
26.6498,79.17392,6.58807,-64.99796
26.6610,79.29456,6.68237,-64.69959
26.6725,79.41510,6.77868,-64.40181
26.6825,79.53555,6.87700,-64.10460
26.6929,79.65594,6.97729,-63.80795
26.7029,79.77625,7.07955,-63.51186
26.7132,79.89645,7.18373,-63.21634
26.7229,80.01657,7.28983,-62.92136
26.7325,80.13660,7.39782,-62.62694
26.7423,80.25653,7.50767,-62.33307
26.7521,80.37637,7.61937,-62.03973
26.7619,80.49612,7.73288,-61.74694
26.7718,80.61578,7.84820,-61.45469
26.7817,80.73538,7.96529,-61.16296
26.7916,80.85489,8.08414,-60.87177
26.8018,80.97430,8.20472,-60.58110
26.8122,81.09363,8.32702,-60.29096
26.8227,81.21286,8.45101,-60.00134
26.8328,81.33200,8.57667,-59.71224
26.8427,81.45108,8.70398,-59.42366
26.8525,81.57007,8.83293,-59.13558
26.8626,81.68896,8.96350,-58.84801
26.8738,81.80780,9.09568,-58.56095
26.8836,81.92654,9.22943,-58.27438
26.8935,82.04514,9.36476,-57.98830
26.9028,82.16360,9.50164,-57.70271
26.9122,82.28195,9.64006,-57.41761
26.9225,82.40009,9.77999,-57.13299
26.9326,82.51807,9.92143,-56.84885
26.9427,82.63586,10.06435,-56.56517
26.9530,82.75339,10.20875,-56.28196
26.9631,82.87070,10.35461,-55.99921
26.9743,82.98773,10.50192,-55.71690
26.9843,83.10446,10.65066,-55.43505
26.9943,83.22086,10.80082,-55.15363
27.0045,83.33691,10.95239,-54.87264
27.0137,83.45261,11.10535,-54.59208
27.0227,83.56784,11.25961,-54.31204
27.0317,83.68265,11.41518,-54.03252
27.0408,83.79697,11.57203,-53.75351
27.0502,83.91077,11.73015,-53.47498
27.0606,84.02405,11.88953,-53.19695
27.0702,84.13672,12.05017,-52.91940
27.0803,84.24881,12.21205,-52.64232
27.0904,84.36029,12.37516,-52.36570
27.1000,84.47110,12.53949,-52.08954
27.1099,84.58121,12.70502,-51.81383
27.1198,84.69061,12.87175,-51.53855
27.1293,84.79929,13.03967,-51.26371
27.1388,84.90717,13.20876,-50.98928
27.1481,85.01425,13.37901,-50.71528
27.1579,85.12051,13.55042,-50.44168
27.1675,85.22586,13.72296,-50.16848
27.1775,85.33035,13.89663,-49.89568
27.1871,85.43393,14.07141,-49.62327
27.1965,85.53656,14.24730,-49.35123
27.2059,85.63821,14.42428,-49.07957
27.2153,85.73886,14.60234,-48.80828
27.2253,85.83850,14.78146,-48.53736
27.2429,85.93704,14.96164,-48.26679
27.2524,86.03452,15.14286,-47.99657
27.2625,86.13089,15.32511,-47.72669
27.2718,86.22614,15.50837,-47.45715
27.2816,86.32022,15.69264,-47.18795
27.2914,86.41312,15.87789,-46.91907
27.3001,86.50479,16.06413,-46.65052
27.3089,86.59518,16.25132,-46.38229
27.3180,86.68436,16.43947,-46.11437
27.3270,86.77222,16.62856,-45.84676
27.3361,86.85876,16.81856,-45.57946
27.3457,86.94397,17.00947,-45.31245
27.3551,87.02777,17.20128,-45.04575
27.3724,87.11023,17.39397,-44.77933
27.3815,87.19125,17.58753,-44.51321
27.3908,87.27084,17.78194,-44.24737
27.4004,87.34894,17.97719,-43.98181
27.4121,87.42557,18.17327,-43.71653
27.4222,87.50070,18.37015,-43.45153
27.4314,87.57428,18.56783,-43.18679
27.4408,87.64633,18.76628,-42.92233
27.4512,87.71680,18.96550,-42.65813
27.4620,87.78564,19.16547,-42.39419
27.4714,87.85291,19.36617,-42.13051
27.4811,87.91849,19.56758,-41.86708
27.4904,87.98242,19.76970,-41.60391
27.5010,88.04468,19.97251,-41.34099
27.5105,88.10519,20.17599,-41.07832
27.5201,88.16403,20.38012,-40.81590
27.5312,88.22107,20.58488,-40.55371
27.5418,88.27637,20.79027,-40.29177
27.5517,88.32986,20.99627,-40.03008
27.5607,88.38159,21.20285,-39.76862
27.5693,88.43146,21.41001,-39.50739
27.5778,88.47946,21.61772,-39.24641
27.5862,88.52567,21.82592,-38.98568
27.5949,88.56998,22.03461,-38.72521
27.6111,88.61243,22.24376,-38.46499
27.6192,88.65295,22.45334,-38.20502
27.6273,88.69156,22.66335,-37.94531
27.6355,88.72824,22.87378,-37.68585
27.6519,88.76300,23.08459,-37.42664
27.6600,88.79575,23.29577,-37.16768
27.6680,88.82651,23.50731,-36.90897
27.6762,88.85529,23.71919,-36.65051
27.6848,88.88202,23.93140,-36.39229
27.7005,88.90677,24.14391,-36.13433
27.7095,88.92944,24.35671,-35.87661
27.7183,88.95004,24.56978,-35.61915
27.7271,88.96857,24.78309,-35.36194
27.7357,88.98499,24.99665,-35.10498
27.7521,88.99930,25.21041,-34.84827
27.7603,89.01151,25.42435,-34.59184
27.7685,89.02158,25.63847,-34.33565
27.7770,89.02948,25.85273,-34.07974
27.7853,89.03525,26.06712,-33.82409
27.8009,89.03882,26.28163,-33.56871
27.8092,89.04022,26.49621,-33.31360
27.8172,89.03940,26.71088,-33.05877
27.8255,89.03641,26.92559,-32.80421
27.8412,89.03119,27.14038,-32.54991
27.8489,89.02371,27.35519,-32.29588
27.8567,89.01398,27.57003,-32.04211
27.8735,89.00201,27.78488,-31.78860
27.8814,88.98776,27.99971,-31.53537
27.8894,88.97119,28.21449,-31.28242
27.8973,88.95236,28.42923,-31.02976
27.9053,88.93118,28.64390,-30.77738
27.9206,88.90771,28.85848,-30.52529
27.9285,88.88190,29.07295,-30.27351
27.9370,88.85376,29.28727,-30.02203
27.9449,88.82330,29.50145,-29.77086
27.9596,88.79047,29.71546,-29.52001
27.9673,88.75525,29.92927,-29.26949
27.9748,88.71768,30.14288,-29.01929
27.9900,88.67773,30.35625,-28.76944
27.9979,88.63544,30.56936,-28.51992
28.0057,88.59070,30.78221,-28.27076
28.0213,88.54358,30.99476,-28.02197
28.0296,88.49405,31.20701,-27.77354
28.0375,88.44211,31.41892,-27.52549
28.0456,88.38776,31.63047,-27.27782
28.0608,88.33099,31.84165,-27.03056
28.0687,88.27179,32.05243,-26.78370
28.0763,88.21017,32.26281,-26.53725
28.0910,88.14612,32.47275,-26.29122
28.0987,88.07965,32.68224,-26.04563
28.1064,88.01071,32.89127,-25.80048
28.1211,87.93933,33.09980,-25.55578
28.1288,87.86551,33.30784,-25.31155
28.1364,87.78922,33.51535,-25.06779
28.1515,87.71051,33.72231,-24.82452
28.1598,87.62930,33.92871,-24.58173
28.1681,87.54568,34.13454,-24.33946
28.1760,87.45956,34.33978,-24.09770
28.1849,87.37100,34.54440,-23.85647
28.2004,87.27994,34.74839,-23.61577
28.2079,87.18643,34.95174,-23.37562
28.2157,87.09045,35.15444,-23.13604
28.2308,86.99200,35.35645,-22.89701
28.2383,86.89108,35.55777,-22.65860
28.2460,86.78766,35.75835,-22.42078
28.2612,86.68176,35.95821,-22.18359
28.2692,86.57339,36.15731,-21.94703
28.2772,86.46255,36.35566,-21.71111
28.2852,86.34924,36.55323,-21.47585
28.3006,86.23343,36.75002,-21.24126
28.3083,86.11511,36.94600,-21.00735
28.3158,85.99435,37.14118,-20.77412
28.3302,85.87109,37.33552,-20.54159
28.3376,85.74536,37.52902,-20.30978
28.3448,85.61710,37.72167,-20.07870
28.3591,85.48639,37.91345,-19.84837
28.3665,85.35318,38.10435,-19.61878
28.3807,85.21750,38.29437,-19.38997
28.3885,85.07932,38.48349,-19.16193
28.3958,84.93866,38.67169,-18.93470
28.4080,84.79556,38.85896,-18.70827
28.4221,84.64993,39.04529,-18.48268
28.4295,84.50183,39.23068,-18.25792
28.4373,84.35126,39.41510,-18.03402
28.4450,84.19824,39.59855,-17.81098
28.4596,84.04276,39.78101,-17.58883
28.4683,83.88480,39.96247,-17.36758
28.4769,83.72440,40.14294,-17.14725
28.4855,83.56152,40.32238,-16.92784
28.5005,83.39618,40.50078,-16.70939
28.5085,83.22842,40.67815,-16.49190
28.5164,83.05823,40.85447,-16.27538
28.5331,82.88559,41.02973,-16.05988
28.5415,82.71054,41.20391,-15.84538
28.5500,82.53305,41.37700,-15.63190
28.5592,82.35318,41.54900,-15.41948
28.5683,82.17087,41.71990,-15.20812
28.5770,81.98615,41.88968,-14.99784
28.5852,81.79904,42.05834,-14.78867
28.6028,81.60956,42.22586,-14.58060
28.6122,81.41769,42.39224,-14.37366
28.6205,81.22345,42.55746,-14.16788
28.6287,81.02686,42.72152,-13.96327
28.6373,80.82791,42.88442,-13.75984
28.6463,80.62662,43.04613,-13.55762
28.6670,80.42300,43.20665,-13.35663
28.6676,80.21704,43.36598,-13.15686
28.6746,80.00879,43.52409,-12.95836
28.6923,79.79822,43.68099,-12.76113
28.7010,79.58533,43.83667,-12.56520
28.7098,79.37018,43.99112,-12.37059
28.7193,79.15277,44.14433,-12.17731
28.7283,78.93307,44.29630,-11.98539
28.7377,78.71115,44.44702,-11.79484
28.7479,78.48700,44.59647,-11.60568
28.7573,78.26062,44.74466,-11.41793
28.7665,78.03204,44.89157,-11.23161
28.7763,77.80127,45.03721,-11.04675
28.7858,77.56830,45.18157,-10.86335
28.7955,77.33316,45.32463,-10.68144
28.8053,77.09589,45.46641,-10.50105
28.8150,76.85645,45.60688,-10.32218
28.8249,76.61493,45.74601,-10.14488
28.8348,76.37131,45.88382,-9.96918
28.8447,76.12567,46.02027,-9.79510
28.8548,75.87796,46.15538,-9.62263
28.8650,75.62823,46.28913,-9.45183
28.8753,75.37653,46.42153,-9.28268
28.8854,75.12277,46.55256,-9.11523
28.8962,74.86703,46.68225,-8.94948
28.9063,74.60934,46.81056,-8.78545
28.9170,74.34970,46.93750,-8.62317
28.9272,74.08810,47.06308,-8.46264
28.9378,73.82462,47.18728,-8.30389
28.9482,73.55923,47.31011,-8.14694
28.9588,73.29196,47.43157,-7.99181
28.9692,73.02280,47.55164,-7.83850
28.9800,72.75183,47.67034,-7.68705
28.9906,72.47900,47.78765,-7.53747
29.0012,72.20438,47.90360,-7.38978
29.0117,71.92798,48.01815,-7.24400
29.0223,71.64984,48.13133,-7.10014
29.0331,71.36990,48.24313,-6.95823
29.0438,71.08826,48.35354,-6.81828
29.0545,70.80490,48.46258,-6.68031
29.0654,70.51984,48.57025,-6.54434
29.0661,70.23312,48.67653,-6.41039
29.0761,69.94476,48.78144,-6.27847
29.0872,69.65479,48.88498,-6.14861
29.0980,69.36316,48.98715,-6.02082
29.1089,69.06998,49.08794,-5.89512
29.1199,68.77527,49.18737,-5.77152
29.1305,68.47897,49.28544,-5.65005
29.1413,68.18118,49.38215,-5.53072
29.1523,67.88190,49.47750,-5.41355
29.1632,67.58115,49.57150,-5.29855
29.1743,67.27890,49.66415,-5.18575
29.1854,66.97525,49.75546,-5.07515
29.1861,66.67023,49.84542,-4.96678
29.1965,66.36380,49.93406,-4.86066
29.2080,66.05603,50.02136,-4.75679
29.2192,65.74692,50.10733,-4.65521
29.2305,65.43652,50.19200,-4.55592
29.2439,65.12482,50.27535,-4.45894
29.2564,64.81186,50.35739,-4.36427
29.2571,64.49768,50.43813,-4.27196
29.2692,64.18228,50.51758,-4.18198
29.2813,63.86569,50.59575,-4.09439
29.2937,63.54794,50.67265,-4.00919
29.3059,63.22906,50.74826,-3.92638
29.3065,62.90909,50.82262,-3.84598
29.3182,62.58801,50.89573,-3.76801
29.3306,62.26590,50.96758,-3.69247
29.3429,61.94275,51.03819,-3.61940
29.3569,61.61856,51.10757,-3.54881
29.3574,61.29343,51.17573,-3.48068
29.3674,60.96732,51.24269,-3.41506
29.3799,60.64032,51.30843,-3.35194
29.3922,60.31241,51.37299,-3.29135
29.4046,59.98361,51.43636,-3.23328
29.4172,59.65402,51.49856,-3.17776
29.4179,59.32358,51.55960,-3.12479
29.4295,58.99234,51.61948,-3.07440
29.4420,58.66034,51.67823,-3.02659
29.4543,58.32761,51.73584,-2.98135
29.4669,57.99417,51.79232,-2.93873
29.4675,57.66003,51.84771,-2.89870
29.4795,57.32526,51.90200,-2.86130
29.4920,56.98981,51.95520,-2.82653
29.5048,56.65381,52.00733,-2.79440
29.5054,56.31723,52.05840,-2.76493
29.5172,55.98007,52.10842,-2.73811
29.5299,55.64243,52.15741,-2.71397
29.5428,55.30423,52.20538,-2.69250
29.5559,54.96561,52.25233,-2.67372
29.5565,54.62653,52.29830,-2.65765
29.5687,54.28702,52.34328,-2.64427
29.5818,53.94714,52.38729,-2.63361
29.5947,53.60693,52.43036,-2.62566
29.5954,53.26636,52.47246,-2.62045
29.6078,52.92548,52.51365,-2.61795
29.6207,52.58435,52.55393,-2.61819
29.6337,52.24298,52.59330,-2.62117
29.6467,51.90140,52.63179,-2.62690
29.6474,51.55960,52.66942,-2.63537
29.6601,51.21768,52.70619,-2.64661
29.6727,50.87561,52.74212,-2.66060
29.6856,50.53342,52.77723,-2.67735
29.6862,50.19119,52.81153,-2.69688
29.6987,49.84894,52.84504,-2.71916
29.7118,49.50662,52.87777,-2.74422
29.7246,49.16437,52.90974,-2.77206
29.7375,48.82211,52.94097,-2.80267
29.7381,48.47998,52.97147,-2.83606
29.7507,48.13791,53.00126,-2.87223
29.7638,47.79596,53.03036,-2.91119
29.7769,47.45422,53.05877,-2.95292
29.7775,47.11264,53.08652,-2.99743
29.7898,46.77127,53.11364,-3.04473
29.8028,46.43015,53.14012,-3.09481
29.8158,46.08929,53.16599,-3.14767
29.8165,45.74875,53.19126,-3.20332
29.8290,45.40851,53.21596,-3.26173
29.8418,45.06866,53.24009,-3.32294
29.8548,44.72919,53.26370,-3.38692
29.8554,44.39011,53.28677,-3.45368
29.8678,44.05142,53.30934,-3.52322
29.8807,43.71326,53.33142,-3.59551
29.8937,43.37558,53.35303,-3.67059
29.9065,43.03842,53.37418,-3.74842
29.9071,42.70181,53.39491,-3.82903
29.9193,42.36578,53.41521,-3.91239
29.9325,42.03033,53.43512,-3.99851
29.9452,41.69550,53.45465,-4.08739
29.9459,41.36133,53.47382,-4.17902
29.9581,41.02780,53.49266,-4.27340
29.9710,40.69489,53.51120,-4.37054
29.9839,40.36267,53.52943,-4.47043
29.9968,40.03116,53.54741,-4.57308
29.9974,39.70035,53.56513,-4.67849
30.0098,39.37033,53.58261,-4.78664
30.0226,39.04108,53.59990,-4.89752
30.0356,38.71262,53.61699,-5.01116
30.0362,38.38501,53.63391,-5.12754
30.0486,38.05826,53.65066,-5.24661
30.0613,37.73242,53.66728,-5.36840
30.0743,37.40747,53.68377,-5.49289
30.0874,37.08350,53.70017,-5.62008
30.0881,36.76050,53.71647,-5.74994
30.1001,36.43851,53.73271,-5.88245
30.1128,36.11758,53.74889,-6.01762
30.1256,35.79767,53.76503,-6.15544
30.1262,35.47888,53.78117,-6.29591
30.1386,35.16119,53.79731,-6.43899
30.1515,34.84467,53.81347,-6.58467
30.1646,34.52927,53.82965,-6.73295
30.1652,34.21506,53.84590,-6.88381
30.1776,33.90210,53.86220,-7.03723
30.1904,33.59036,53.87860,-7.19321
30.2034,33.27994,53.89509,-7.35172
30.2163,32.97076,53.91169,-7.51276
30.2169,32.66293,53.92844,-7.67631
30.2289,32.35648,53.94533,-7.84235
30.2416,32.05136,53.96240,-8.01087
30.2542,31.74765,53.97964,-8.18185
30.2668,31.44534,53.99708,-8.35528
30.2674,31.14453,54.01474,-8.53114
30.2794,30.84515,54.03264,-8.70942
30.2921,30.54727,54.05079,-8.89009
30.3047,30.25092,54.06921,-9.07314
30.3053,29.95612,54.08791,-9.25858
30.3174,29.66287,54.10692,-9.44636
30.3300,29.37125,54.12626,-9.63648
30.3426,29.08124,54.14592,-9.82891
30.3552,28.79288,54.16595,-10.02365
30.3558,28.50620,54.18634,-10.22066
30.3678,28.22119,54.20713,-10.41994
30.3804,27.93793,54.22833,-10.62145
30.3929,27.65640,54.24995,-10.82520
30.4054,27.37665,54.27201,-11.03114
30.4061,27.09866,54.29454,-11.23928
30.4179,26.82251,54.31755,-11.44958
30.4304,26.54819,54.34106,-11.66204
30.4431,26.27573,54.36509,-11.87662
30.4554,26.00516,54.38964,-12.09331
30.4561,25.73651,54.41476,-12.31209
30.4678,25.46976,54.44044,-12.53293
30.4802,25.20499,54.46672,-12.75581
30.4928,24.94220,54.49360,-12.98072
30.5051,24.68143,54.52111,-13.20763
30.5057,24.42270,54.54927,-13.43651
30.5176,24.16602,54.57809,-13.66735
30.5300,23.91138,54.60759,-13.90012
30.5423,23.65884,54.63781,-14.13481
30.5545,23.40845,54.66873,-14.37138
30.5670,23.16019,54.70040,-14.60983
30.5675,22.91409,54.73281,-14.85011
30.5791,22.67020,54.76600,-15.09221
30.5914,22.42850,54.79998,-15.33609
30.6039,22.18903,54.83477,-15.58174
30.6165,21.95181,54.87037,-15.82914
30.6171,21.71686,54.90682,-16.07825
30.6286,21.48419,54.94412,-16.32906
30.6411,21.25385,54.98230,-16.58154
30.6923,21.02585,55.02136,-16.83565
30.6942,20.80020,55.06131,-17.09137
30.6954,20.57690,55.10219,-17.34868
30.6969,20.35599,55.14400,-17.60754
30.6979,20.13751,55.18676,-17.86794
30.7494,19.92145,55.23047,-18.12985
30.7505,19.70782,55.27518,-18.39325
30.7520,19.49670,55.32088,-18.65809
30.7532,19.28806,55.36757,-18.92436
30.7560,19.08188,55.41529,-19.19202
30.7570,18.87823,55.46402,-19.46104
30.7844,18.67709,55.51380,-19.73141
30.7869,18.47852,55.56463,-20.00308
30.7883,18.28250,55.61653,-20.27604
30.8174,18.08905,55.66950,-20.55025
30.8190,17.89816,55.72356,-20.82568
30.8213,17.70987,55.77871,-21.10231
30.8455,17.52420,55.83497,-21.38010
30.8467,17.34116,55.89235,-21.65904
30.8478,17.16074,55.95086,-21.93907
30.8486,16.98297,56.01049,-22.22018
30.8620,16.80783,56.07128,-22.50234
30.8747,16.63535,56.13321,-22.78551
30.8756,16.46558,56.19629,-23.06968
30.8874,16.29846,56.26055,-23.35479
30.9001,16.13406,56.32597,-23.64083
30.9121,15.97232,56.39257,-23.92778
30.9229,15.81332,56.46037,-24.21558
30.9349,15.65701,56.52935,-24.50422
30.9355,15.50345,56.59954,-24.79367
30.9477,15.35263,56.67094,-25.08389
30.9608,15.20456,56.74354,-25.37485
30.9741,15.05917,56.81737,-25.66653
30.9869,14.91660,56.89243,-25.95889
30.9877,14.77676,56.96871,-26.25190
30.9997,14.63971,57.04622,-26.54552
31.0126,14.50543,57.12499,-26.83974
31.0255,14.37393,57.20500,-27.13452
31.0261,14.24521,57.28624,-27.42983
31.0384,14.11926,57.36875,-27.72563
31.0510,13.99612,57.45251,-28.02190
31.0637,13.87579,57.53753,-28.31860
31.0762,13.75827,57.62383,-28.61571
31.0768,13.64355,57.71138,-28.91319
31.0887,13.53168,57.80022,-29.21100
31.1010,13.42258,57.89033,-29.50913
31.1135,13.31631,57.98171,-29.80754
31.1259,13.21289,58.07438,-30.10619
31.1266,13.11227,58.16832,-30.40505
31.1384,13.01450,58.26356,-30.70409
31.1509,12.91959,58.36007,-31.00329
31.1633,12.82751,58.45788,-31.30261
31.1762,12.73825,58.55698,-31.60202
31.1769,12.65186,58.65738,-31.90148
31.1882,12.56833,58.75906,-32.20097
31.2004,12.48764,58.86204,-32.50045
31.2127,12.40976,58.96631,-32.79990
31.2248,12.33475,59.07188,-33.09928
31.2255,12.26260,59.17875,-33.39856
31.2366,12.19333,59.28690,-33.69772
31.2475,12.12686,59.39634,-33.99671
31.2577,12.06323,59.50707,-34.29551
31.2694,12.00244,59.61909,-34.59409
31.2791,11.94449,59.73240,-34.89242
31.2892,11.88940,59.84700,-35.19046
31.2999,11.83713,59.96289,-35.48819
31.3103,11.78769,60.08005,-35.78558
31.3209,11.74112,60.19851,-36.08258
31.3322,11.69736,60.31823,-36.37918
31.3423,11.65643,60.43924,-36.67534
31.3523,11.61832,60.56152,-36.97104
31.3625,11.58304,60.68507,-37.26622
31.3730,11.55060,60.80989,-37.56089
31.3833,11.52094,60.93597,-37.85498
31.3938,11.49411,61.06331,-38.14849
31.4041,11.47009,61.19191,-38.44137
31.4144,11.44885,61.32178,-38.73359
31.4245,11.43042,61.45289,-39.02513
31.4348,11.41476,61.58525,-39.31594
31.4354,11.40192,61.71888,-39.60600
31.4450,11.39185,61.85375,-39.89527
31.4551,11.38455,61.98987,-40.18372
31.4652,11.38007,62.12724,-40.47132
31.4753,11.37833,62.26588,-40.75804
31.4856,11.37939,62.40577,-41.04381
31.4957,11.38312,62.54672,-41.32848
31.5059,11.38956,62.68889,-41.61222
31.5160,11.39868,62.83228,-41.89505
31.5259,11.41049,62.97689,-42.17699
31.5361,11.42496,63.12268,-42.45805
31.5461,11.44202,63.26966,-42.73823
31.5560,11.46167,63.41778,-43.01754
31.5662,11.48386,63.56704,-43.29600
31.5762,11.50858,63.71742,-43.57361
31.5861,11.53577,63.86889,-43.85037
31.5960,11.56543,64.02143,-44.12630
31.6061,11.59750,64.17504,-44.40140
31.6162,11.63199,64.32968,-44.67568
31.6256,11.66882,64.48532,-44.94914
31.6353,11.70776,64.64165,-45.22167
31.6452,11.74756,64.79694,-45.49267
31.6552,11.78720,64.94998,-45.76185
31.6652,11.82697,65.10112,-46.02935
31.6754,11.86682,65.25040,-46.29521
31.6855,11.90680,65.39785,-46.55945
31.6957,11.94690,65.54349,-46.82210
31.7059,11.98712,65.68736,-47.08318
31.7160,12.02747,65.82949,-47.34271
31.7262,12.06793,65.96991,-47.60073
31.7365,12.10855,66.10864,-47.85726
31.7467,12.14932,66.24572,-48.11231
31.7569,12.19025,66.38116,-48.36592
31.7672,12.23132,66.51500,-48.61811
31.7772,12.27255,66.64727,-48.86889
31.7874,12.31396,66.77798,-49.11829
31.7975,12.35553,66.90717,-49.36633
31.8076,12.39728,67.03485,-49.61304
31.8179,12.43921,67.16106,-49.85843
31.8282,12.48132,67.28581,-50.10251
31.8383,12.52362,67.40912,-50.34532
31.8485,12.56610,67.53102,-50.58687
31.8587,12.60880,67.65152,-50.82718
31.8688,12.65167,67.77066,-51.06626
31.8815,12.69476,67.88845,-51.30413
31.8958,12.73807,68.00491,-51.54082
31.8964,12.78159,68.12006,-51.77634
31.9049,12.82532,68.23392,-52.01070
31.9230,12.86926,68.34651,-52.24392
31.9333,12.91342,68.45784,-52.47602
31.9428,12.95782,68.56794,-52.70702
31.9532,13.00244,68.67682,-52.93692
31.9629,13.04730,68.78450,-53.16575
31.9729,13.09238,68.89099,-53.39352
31.9828,13.13770,68.99631,-53.62024
31.9935,13.18326,69.10049,-53.84593
32.0036,13.22906,69.20353,-54.07060
32.0133,13.27512,69.30545,-54.29426
32.0232,13.32141,69.40627,-54.51694
32.0334,13.36795,69.50600,-54.73863
32.0432,13.41473,69.60466,-54.95936
32.0529,13.46179,69.70225,-55.17914
32.0626,13.50909,69.79880,-55.39797
32.0723,13.55667,69.89431,-55.61588
32.0819,13.60455,69.98888,-55.83290
32.0916,13.65283,70.08262,-56.04908
32.1012,13.70200,70.17624,-56.26469
32.1110,13.75211,70.26981,-56.47975
32.1206,13.80322,70.36341,-56.69431
32.1302,13.85614,70.45817,-56.90878
32.1398,13.91089,70.55408,-57.12305
32.1493,13.96756,70.65129,-57.33719
32.1588,14.02673,70.75061,-57.55149
32.1687,14.08838,70.85197,-57.76591
32.1779,14.15247,70.95533,-57.98043
32.1873,14.21893,71.06063,-58.19503
32.1970,14.28775,71.16781,-58.40969
32.2063,14.35886,71.27684,-58.62440
32.2159,14.43225,71.38768,-58.83915
32.2264,14.50787,71.50029,-59.05393
32.2370,14.58569,71.61462,-59.26872
32.2475,14.66571,71.73065,-59.48351
32.2582,14.74786,71.84835,-59.69830
32.2689,14.83215,71.96767,-59.91307
32.2791,14.91855,72.08860,-60.12782
32.2895,15.00702,72.21112,-60.34254
32.3000,15.09753,72.33517,-60.55722
32.3103,15.19006,72.46074,-60.77184
32.3204,15.28461,72.58780,-60.98640
32.3308,15.38110,72.71633,-61.20090
32.3411,15.47955,72.84629,-61.41532
32.3513,15.57993,72.97765,-61.62965
32.3617,15.68219,73.11039,-61.84388
32.3720,15.78635,73.24448,-62.05802
32.3823,15.89236,73.37991,-62.27205
32.3927,16.00021,73.51665,-62.48597
32.4029,16.10989,73.65468,-62.69977
32.4132,16.22137,73.79398,-62.91344
32.4236,16.33463,73.93452,-63.12698
32.4338,16.44962,74.07630,-63.34038
32.4442,16.56631,74.21927,-63.55360
32.4545,16.68466,74.36342,-63.76665
32.4649,16.80469,74.50870,-63.97954
32.4654,16.92636,74.65504,-64.19225
32.4752,17.04971,74.80239,-64.40480
32.4859,17.17474,74.95072,-64.61721
32.4962,17.30148,75.09995,-64.82947
32.5067,17.42981,75.25000,-65.04157
32.5173,17.55978,75.40083,-65.25354
32.5280,17.69144,75.55233,-65.46540
32.5389,17.82483,75.70446,-65.67717
32.5498,17.95993,75.85710,-65.88887
32.5608,18.09677,76.01019,-66.10052
32.5716,18.23544,76.16363,-66.31215
32.5829,18.37592,76.31732,-66.52379
32.5940,18.51828,76.47117,-66.73548
32.6053,18.66260,76.62507,-66.94724
32.6060,18.80893,76.77893,-67.15910
32.6170,18.95728,76.93261,-67.37109
32.6286,19.10770,77.08602,-67.58324
32.6406,19.26022,77.23903,-67.79554
32.6524,19.41492,77.39154,-68.00804
32.6646,19.57175,77.54340,-68.22073
32.6769,19.73074,77.69452,-68.43362
32.6775,19.89203,77.84478,-68.64675
32.6893,20.05554,77.99406,-68.86012
32.7019,20.22134,78.14224,-69.07372
32.7147,20.38940,78.28919,-69.28759
32.7153,20.55981,78.43477,-69.50172
32.7278,20.73257,78.57891,-69.71613
32.7413,20.90771,78.72145,-69.93082
32.7548,21.08524,78.86228,-70.14580
32.7554,21.26511,79.00129,-70.36106
32.7684,21.44733,79.13837,-70.57660
32.7822,21.63193,79.27341,-70.79242
32.7959,21.81888,79.40630,-71.00851
32.7965,22.00821,79.53697,-71.22490
32.8092,22.19989,79.66534,-71.44157
32.8226,22.39395,79.79130,-71.65853
32.8354,22.59033,79.91478,-71.87576
32.8361,22.78906,80.03564,-72.09329
32.8483,22.99005,80.15387,-72.31108
32.8610,23.19336,80.26936,-72.52913
32.8734,23.39896,80.38203,-72.74744
32.8860,23.60678,80.49183,-72.96601
32.8866,23.81683,80.59870,-73.18481
32.8982,24.02905,80.70261,-73.40383
32.9106,24.24338,80.80351,-73.62305
32.9228,24.45984,80.90134,-73.84248
32.9351,24.67834,80.99608,-74.06209
32.9358,24.89890,81.08767,-74.28187
32.9473,25.12143,81.17609,-74.50181
32.9593,25.34592,81.26129,-74.72190
32.9712,25.57236,81.34323,-74.94212
32.9832,25.80066,81.42188,-75.16246
32.9955,26.03082,81.49719,-75.38291
32.9963,26.26279,81.56913,-75.60345
33.0079,26.49655,81.63767,-75.82407
33.0203,26.73206,81.70278,-76.04476
33.0323,26.96924,81.76441,-76.26550
33.0450,27.20813,81.82254,-76.48628
33.0455,27.44861,81.87713,-76.70709
33.0575,27.69070,81.92816,-76.92791
33.0702,27.93430,81.97561,-77.14873
33.0828,28.17941,82.01943,-77.36953
33.0957,28.42599,82.05961,-77.59031
33.0962,28.67401,82.09612,-77.81104
33.1072,28.92340,82.12893,-78.03171
33.1194,29.17413,82.15803,-78.25231
33.1316,29.42615,82.18339,-78.47283
33.1440,29.67944,82.20499,-78.69324
33.1565,29.93393,82.22282,-78.91355
33.1570,30.18964,82.23684,-79.13373
33.1684,30.44644,82.24707,-79.35376
33.1810,30.70432,82.25347,-79.57364
33.1929,30.96329,82.25605,-79.79335
33.2052,31.22321,82.25478,-80.01288
33.2058,31.48413,82.24967,-80.23221
33.2172,31.74597,82.24070,-80.45133
33.2295,32.00864,82.22786,-80.67022
33.2417,32.27216,82.21116,-80.88888
33.2539,32.53647,82.19057,-81.10728
33.2663,32.80151,82.16610,-81.32542
33.2668,33.06726,82.13774,-81.54327
33.2782,33.33371,82.10547,-81.76083
33.2906,33.60074,82.06932,-81.97809
33.3027,33.86835,82.02925,-82.19502
33.3151,34.13651,81.98529,-82.41162
33.3159,34.40512,81.93740,-82.62788
33.3273,34.67419,81.88561,-82.84377
33.3395,34.94366,81.82991,-83.05929
33.3517,35.21350,81.77029,-83.27442
33.3649,35.48364,81.70676,-83.48916
33.3654,35.75406,81.63932,-83.70348
33.3769,36.02469,81.56797,-83.91737
33.3888,36.29550,81.49270,-84.13082
33.4011,36.56647,81.41352,-84.34383
33.4132,36.83755,81.33044,-84.55637
33.4258,37.10864,81.24347,-84.76843
33.4264,37.37976,81.15258,-84.98000
33.4380,37.65085,81.05780,-85.19107
33.4502,37.92188,80.95914,-85.40162
33.4621,38.19275,80.85659,-85.61164
33.4742,38.46350,80.75016,-85.82113
33.4865,38.73404,80.63986,-86.03006
33.4870,39.00433,80.52570,-86.23843
33.4987,39.27432,80.40768,-86.44623
33.5109,39.54398,80.28581,-86.65343
33.5229,39.81326,80.16010,-86.86004
33.5356,40.08212,80.03057,-87.06603
33.5361,40.35056,79.89721,-87.27140
33.5472,40.61847,79.76005,-87.47614
33.5598,40.88583,79.61910,-87.68023
33.5719,41.15265,79.47435,-87.88366
33.5838,41.41879,79.32582,-88.08642
33.5960,41.68430,79.17354,-88.28851
33.5966,41.94910,79.01751,-88.48990
33.6081,42.21313,78.85774,-88.69059
33.6204,42.47641,78.69425,-88.89057
33.6325,42.73883,78.52704,-89.08983
33.6449,43.00040,78.35615,-89.28835
33.6454,43.26105,78.18158,-89.48613
33.6565,43.52072,78.00335,-89.68315
33.6689,43.77945,77.82146,-89.87941
33.6809,44.03714,77.63595,-90.07490
33.6928,44.29379,77.44683,-90.26960
33.7048,44.54929,77.25412,-90.46351
33.7053,44.80365,77.05783,-90.65662
33.7170,45.05682,76.85800,-90.84891
33.7285,45.30878,76.65461,-91.04038
33.7404,45.55951,76.44770,-91.23102
33.7522,45.80890,76.23732,-91.42081
33.7639,46.05698,76.02346,-91.60976
33.7755,46.30365,75.80615,-91.79785
33.7761,46.54892,75.58540,-91.98507
33.7874,46.79276,75.36124,-92.17141
33.7991,47.03510,75.13369,-92.35686
33.8105,47.27588,74.90275,-92.54142
33.8225,47.51511,74.66846,-92.72508
33.8342,47.75272,74.43084,-92.90782
33.8466,47.98868,74.18991,-93.08964
33.8478,48.22296,73.94571,-93.27054
33.8583,48.45557,73.69823,-93.45049
33.8703,48.68637,73.44751,-93.62950
33.8823,48.91537,73.19357,-93.80755
33.8941,49.14255,72.93644,-93.98465
33.9058,49.36786,72.67614,-94.16077
33.9064,49.59125,72.41271,-94.33592
33.9176,49.81268,72.14614,-94.51008
33.9292,50.03217,71.87649,-94.68325
33.9409,50.24960,71.60379,-94.85542
33.9524,50.46503,71.32804,-95.02658
33.9637,50.67834,71.04930,-95.19673
33.9751,50.88956,70.76759,-95.36586
33.9757,51.09860,70.48292,-95.53397
33.9865,51.30545,70.19532,-95.70103
33.9978,51.51007,69.90484,-95.86706
34.0090,51.71240,69.61150,-96.03203
34.0198,51.91241,69.31533,-96.19594
34.0309,52.11011,69.01638,-96.35879
34.0417,52.30539,68.71466,-96.52057
34.0526,52.49826,68.41023,-96.68126
34.0633,52.68866,68.10311,-96.84086
34.0740,52.87653,67.79332,-96.99935
34.0844,53.06183,67.48095,-97.15674
34.0951,53.24451,67.16601,-97.31300
34.0958,53.42444,66.84851,-97.46812
34.1053,53.60150,66.52842,-97.62208
34.1160,53.77567,66.20582,-97.77486
34.1258,53.94687,65.88067,-97.92649
34.1354,54.11496,65.55301,-98.07693
34.1452,54.27985,65.22285,-98.22616
34.1548,54.44138,64.89022,-98.37416
34.1733,54.59937,64.55519,-98.52089
34.1823,54.75378,64.21778,-98.66633
34.1913,54.90445,63.87806,-98.81046
34.1998,55.05127,63.53609,-98.95324
34.2083,55.19409,63.19182,-99.09471
34.2165,55.33289,62.84532,-99.23485
34.2316,55.46747,62.49664,-99.37363
34.2390,55.59775,62.14586,-99.51103
34.2463,55.72354,61.79303,-99.64705
34.2603,55.84470,61.43821,-99.78164
34.2671,55.96106,61.08152,-99.91480
34.2800,56.07251,60.72303,-100.04649
34.2870,56.17883,60.36286,-100.17670
34.3010,56.27997,60.00110,-100.30540
34.3080,56.37576,59.63778,-100.43262
34.3150,56.46603,59.27302,-100.55832
34.3290,56.55069,58.90696,-100.68248
34.3360,56.62955,58.53977,-100.80507
34.3503,56.70258,58.17159,-100.92608
34.3570,56.76956,57.80260,-101.04548
34.3711,56.83041,57.43297,-101.16323
34.3781,56.88504,57.06290,-101.27933
34.3855,56.93332,56.69259,-101.39375
34.3991,56.97519,56.32225,-101.50646
34.4061,57.01056,55.95210,-101.61745
34.4201,57.03934,55.58232,-101.72670
34.4271,57.06143,55.21318,-101.83420
34.4410,57.07684,54.84494,-101.93991
34.4479,57.08548,54.47786,-102.04382
34.4549,57.08734,54.11220,-102.14592
34.4691,57.08243,53.74826,-102.24617
34.4758,57.07068,53.38630,-102.34457
34.4900,57.05215,53.02662,-102.44111
34.4966,57.02689,52.66948,-102.53579
34.5106,56.99487,52.31517,-102.62858
34.5175,56.95621,51.96399,-102.71951
34.5314,56.91092,51.61620,-102.80855
34.5383,56.85913,51.27209,-102.89573
34.5453,56.80096,50.93196,-102.98104
34.5592,56.73648,50.59606,-103.06450
34.5665,56.66583,50.26468,-103.14612
34.5806,56.58917,49.93809,-103.22593
34.5876,56.50665,49.61654,-103.30393
34.6015,56.41843,49.30030,-103.38016
34.6084,56.32468,48.98959,-103.45464
34.6154,56.22565,48.68467,-103.52741
34.6293,56.12149,48.38576,-103.59850
34.6365,56.01248,48.09309,-103.66795
34.6506,55.89880,47.80687,-103.73579
34.6575,55.78076,47.52730,-103.80208
34.6715,55.65857,47.25454,-103.86686
34.6783,55.53247,46.98877,-103.93018
34.6853,55.40277,46.73014,-103.99211
34.6993,55.26971,46.47876,-104.05269
34.7065,55.13361,46.23477,-104.11200
34.7205,54.99469,45.99826,-104.17009
34.7275,54.85333,45.76934,-104.22704
34.7414,54.70975,45.54808,-104.28290
34.7484,54.56427,45.33453,-104.33776
34.7553,54.41721,45.12875,-104.39168
34.7692,54.26883,44.93077,-104.44473
34.7767,54.11951,44.74062,-104.49700
34.7905,53.96948,44.55828,-104.54856
34.7975,53.81906,44.38375,-104.59948
34.8114,53.66861,44.21701,-104.64984
34.8184,53.51837,44.05803,-104.69972
34.8319,53.36871,43.90673,-104.74920
34.8401,53.21988,43.76307,-104.79836
34.8479,53.07220,43.62697,-104.84728
34.8566,52.92599,43.49834,-104.89604
34.8718,52.78143,43.37704,-104.94472
34.8806,52.63889,43.26298,-104.99338
34.8887,52.49860,43.15600,-105.04212
34.8965,52.36084,43.05597,-105.09100
34.9055,52.22589,42.96274,-105.14009
34.9220,52.09399,42.87616,-105.18947
34.9299,51.96542,42.79602,-105.23920
34.9386,51.84039,42.72217,-105.28936
34.9469,51.71915,42.65438,-105.34003
34.9563,51.60190,42.59247,-105.39126
34.9650,51.48883,42.53621,-105.44313
34.9833,51.38022,42.48538,-105.49570
34.9918,51.27631,42.43985,-105.54908
35.0023,51.17728,42.39936,-105.60331
35.0114,51.08325,42.36370,-105.65843
35.0201,50.99435,42.33265,-105.71450
35.0303,50.91071,42.30602,-105.77155
35.0394,50.83240,42.28361,-105.82961
35.0482,50.75949,42.26523,-105.88874
35.0584,50.69208,42.25073,-105.94893
35.0684,50.63007,42.23993,-106.01018
35.0785,50.57355,42.23272,-106.07254
35.0886,50.52252,42.22893,-106.13600
35.0990,50.47702,42.22845,-106.20057
35.1090,50.43698,42.23116,-106.26625
35.1192,50.40244,42.23693,-106.33304
35.1295,50.37332,42.24567,-106.40095
35.1400,50.34967,42.25725,-106.46998
35.1503,50.33139,42.27157,-106.54012
35.1606,50.31854,42.28853,-106.61137
35.1712,50.31107,42.30803,-106.68373
35.1817,50.30896,42.32996,-106.75719
35.1923,50.31223,42.35424,-106.83175
35.2032,50.32077,42.38075,-106.90740
35.2136,50.33466,42.40940,-106.98414
35.2244,50.35379,42.44010,-107.06195
35.2350,50.37820,42.47275,-107.14084
35.2357,50.40784,42.50727,-107.22079
35.2459,50.44266,42.54356,-107.30180
35.2566,50.48264,42.58152,-107.38386
35.2675,50.52777,42.62107,-107.46696
35.2784,50.57803,42.66212,-107.55111
35.2890,50.63336,42.70459,-107.63627
35.2998,50.69370,42.74839,-107.72246
35.3108,50.75906,42.79344,-107.80965
35.3219,50.82941,42.83966,-107.89783
35.3330,50.90466,42.88697,-107.98701
35.3441,50.98480,42.93529,-108.07716
35.3554,51.06982,42.98454,-108.16827
35.3563,51.15964,43.03466,-108.26034
35.3664,51.25421,43.08555,-108.35335
35.3782,51.35349,43.13717,-108.44729
35.3896,51.45746,43.18942,-108.54215
35.4011,51.56607,43.24226,-108.63791
35.4125,51.67929,43.29562,-108.73457
35.4240,51.79700,43.34944,-108.83210
35.4354,51.91919,43.40367,-108.93048
35.4362,52.04584,43.45825,-109.02972
35.4486,52.17685,43.51314,-109.12978
35.4614,52.31216,43.56828,-109.23066
35.4739,52.45178,43.62362,-109.33234
35.4863,52.59561,43.67911,-109.43481
35.4869,52.74359,43.73472,-109.53804
35.4984,52.89572,43.79042,-109.64203
35.5105,53.05185,43.84615,-109.74676
35.5225,53.21198,43.90189,-109.85220
35.5346,53.37604,43.95760,-109.95834
35.5463,53.54398,44.01326,-110.06516
35.5469,53.71567,44.06884,-110.17265
35.5580,53.89114,44.12432,-110.28078
35.5701,54.07031,44.17970,-110.38954
35.5816,54.25311,44.23495,-110.49892
35.5936,54.43951,44.29007,-110.60889
35.6053,54.62943,44.34504,-110.71944
35.6059,54.82281,44.39985,-110.83056
35.6165,55.01962,44.45447,-110.94223
35.6284,55.21979,44.50890,-111.05443
35.6400,55.42325,44.56311,-111.16714
35.6517,55.62994,44.61711,-111.28035
35.6633,55.83984,44.67086,-111.39405
35.6749,56.05286,44.72435,-111.50821
35.6755,56.26895,44.77758,-111.62283
35.6864,56.48807,44.83053,-111.73789
35.6980,56.71017,44.88319,-111.85337
35.7095,56.93521,44.93554,-111.96926
35.7210,57.16312,44.98756,-112.08554
35.7325,57.39383,45.03926,-112.20221
35.7442,57.62732,45.09061,-112.31924
35.7553,57.86353,45.14161,-112.43663
35.7560,58.10242,45.19223,-112.55436
35.7666,58.34393,45.24249,-112.67243
35.7780,58.58804,45.29236,-112.79081
35.7894,58.83469,45.34184,-112.90950
35.8005,59.08383,45.39091,-113.02849
35.8119,59.33542,45.43957,-113.14776
35.8231,59.58942,45.48781,-113.26730
35.8344,59.84576,45.53562,-113.38710
35.8455,60.10443,45.58298,-113.50715
35.8462,60.36539,45.62989,-113.62745
35.8566,60.62857,45.67635,-113.74796
35.8676,60.89395,45.72234,-113.86870
35.9013,61.16147,45.76786,-113.98964
35.9021,61.43109,45.81289,-114.11078
35.9025,61.70279,45.85743,-114.23210
35.9114,61.97650,45.90147,-114.35360
35.9212,62.25223,45.94497,-114.47533
35.9316,62.52991,45.98794,-114.59725
35.9421,62.80951,46.03038,-114.71932
35.9522,63.09097,46.07229,-114.84153
35.9630,63.37430,46.11367,-114.96386
35.9735,63.65948,46.15457,-115.08625
35.9844,63.94644,46.19501,-115.20862
35.9951,64.23514,46.23506,-115.33093
35.9958,64.52557,46.27473,-115.45312
36.0060,64.81769,46.31412,-115.57509
36.0169,65.11148,46.35326,-115.69679
36.0278,65.40686,46.39221,-115.81816
36.0387,65.70383,46.43101,-115.93912
36.0495,66.00235,46.46974,-116.05959
36.0605,66.30237,46.50844,-116.17950
36.0715,66.60382,46.54718,-116.29878
36.0824,66.90671,46.58600,-116.41736
36.0930,67.21100,46.62497,-116.53516
36.1036,67.51660,46.66414,-116.65211
36.1142,67.82358,46.70359,-116.76816
36.1245,68.13190,46.74337,-116.88324
36.1349,68.44150,46.78354,-116.99726
36.1356,68.75235,46.82415,-117.11014
36.1452,69.06439,46.86527,-117.22180
36.1554,69.37762,46.90694,-117.33215
36.1658,69.69196,46.94922,-117.44110
36.1759,70.00735,46.99215,-117.54858
36.1858,70.32376,47.03576,-117.65450
36.1958,70.64114,47.08008,-117.75881
36.2058,70.95892,47.12487,-117.86141
36.2156,71.27753,47.17035,-117.96240
36.2255,71.59708,47.21655,-118.06178
36.2355,71.91751,47.26345,-118.15958
36.2450,72.23883,47.31105,-118.25580
36.2624,72.56104,47.35932,-118.35048
36.2715,72.88412,47.40825,-118.44362
36.2812,73.20807,47.45783,-118.53523
36.2901,73.53284,47.50805,-118.62533
36.2991,73.85843,47.55890,-118.71394
36.3083,74.18481,47.61037,-118.80107
36.3175,74.51199,47.66244,-118.88673
36.3274,74.83994,47.71510,-118.97093
36.3369,75.16864,47.76834,-119.05370
36.3465,75.49808,47.82214,-119.13503
36.3554,75.82825,47.87650,-119.21496
36.3729,76.15912,47.93140,-119.29348
36.3823,76.49069,47.98684,-119.37062
36.3914,76.82297,48.04279,-119.44638
36.4007,77.15591,48.09925,-119.52077
36.4100,77.48950,48.15622,-119.59382
36.4193,77.82376,48.21368,-119.66553
36.4286,78.15863,48.27162,-119.73592
36.4381,78.49414,48.33003,-119.80499
36.4476,78.83026,48.38890,-119.87276
36.4574,79.16696,48.44823,-119.93925
36.4668,79.50424,48.50800,-120.00445
36.4758,79.84210,48.56820,-120.06839
36.4847,80.18051,48.62883,-120.13107
36.5035,80.51947,48.68987,-120.19251
36.5128,80.85898,48.75132,-120.25272
36.5225,81.19901,48.81316,-120.31171
36.5316,81.53955,48.87539,-120.36948
36.5409,81.88062,48.93801,-120.42606
36.5503,82.22217,49.00100,-120.48146
36.5597,82.56421,49.06435,-120.53567
36.5693,82.90674,49.12806,-120.58872
36.5782,83.24973,49.19213,-120.64061
36.5876,83.59317,49.25653,-120.69135
36.5969,83.93704,49.32128,-120.74096
36.6063,84.28137,49.38635,-120.78944
36.6155,84.62613,49.45174,-120.83681
36.6246,84.97128,49.51744,-120.88307
36.6430,85.31686,49.58345,-120.92824
36.6523,85.66284,49.64976,-120.97232
36.6614,86.00922,49.71637,-121.01532
36.6706,86.35596,49.78325,-121.05725
36.6796,86.70306,49.85042,-121.09813
36.6887,87.05054,49.91787,-121.13796
36.6980,87.39838,49.98558,-121.17675
36.7069,87.74649,50.05352,-121.21450
36.7162,88.09488,50.12170,-121.25123
36.7259,88.44354,50.19011,-121.28693
36.7442,88.79245,50.25873,-121.32162
36.7526,89.14163,50.32758,-121.35532
36.7621,89.49106,50.39664,-121.38802
36.7709,89.84073,50.46591,-121.41973
36.7799,90.19064,50.53538,-121.45047
36.7890,90.54080,50.60505,-121.48025
36.7982,90.89120,50.67492,-121.50907
36.8072,91.24185,50.74498,-121.53694
36.8163,91.59271,50.81524,-121.56387
36.8252,91.94379,50.88568,-121.58987
36.8433,92.29510,50.95630,-121.61494
36.8522,92.64664,51.02710,-121.63910
36.8613,92.99837,51.09808,-121.66235
36.8701,93.35030,51.16922,-121.68471
36.8791,93.70244,51.24054,-121.70617
36.8880,94.05478,51.31201,-121.72675
36.8969,94.40732,51.38364,-121.74645
36.9058,94.76004,51.45543,-121.76528
36.9148,95.11295,51.52738,-121.78326
36.9323,95.46605,51.59947,-121.80038
36.9411,95.81932,51.67171,-121.81665
36.9498,96.17278,51.74409,-121.83209
36.9584,96.52640,51.81662,-121.84670
36.9674,96.88019,51.88928,-121.86048
36.9761,97.23415,51.96207,-121.87345
36.9847,97.58827,52.03499,-121.88560
37.0019,97.94255,52.10804,-121.89696
37.0112,98.29698,52.18122,-121.90752
37.0195,98.65157,52.25451,-121.91730
37.0280,99.00630,52.32793,-121.92629
37.0365,99.36119,52.40146,-121.93451
37.0456,99.71622,52.47511,-121.94196
37.0623,100.07138,52.54886,-121.94865
37.0711,100.42668,52.62272,-121.95458
37.0800,100.78210,52.69669,-121.95977
37.0883,101.13766,52.77076,-121.96422
37.0964,101.49335,52.84494,-121.96793
37.1051,101.84915,52.91920,-121.97091
37.1220,102.20508,52.99356,-121.97317
37.1305,102.56111,53.06802,-121.97472
37.1390,102.91727,53.14257,-121.97555
37.1476,103.27353,53.21720,-121.97568
37.1558,103.62990,53.29191,-121.97511
37.1728,103.98637,53.36671,-121.97385
37.1814,104.34296,53.44159,-121.97191
37.1899,104.69963,53.51655,-121.96928
37.1982,105.05641,53.59159,-121.96598
37.2064,105.41328,53.66670,-121.96201
37.2152,105.77025,53.74189,-121.95738
37.2315,106.12730,53.81714,-121.95209
37.2400,106.48444,53.89247,-121.94615
37.2485,106.84166,53.96785,-121.93956
37.2569,107.19896,54.04331,-121.93233
37.2656,107.55634,54.11882,-121.92447
37.2747,107.91379,54.19440,-121.91598
37.2911,108.27132,54.27003,-121.90686
37.3002,108.62891,54.34572,-121.89713
37.3085,108.98657,54.42147,-121.88678
37.3167,109.34430,54.49726,-121.87582
37.3250,109.70210,54.57312,-121.86426
37.3406,110.05997,54.64901,-121.85210
37.3492,110.41788,54.72496,-121.83934
37.3582,110.77585,54.80095,-121.82600
37.3668,111.13388,54.87699,-121.81208
37.3757,111.49196,54.95307,-121.79758
37.3917,111.85010,55.02919,-121.78250
37.3996,112.20828,55.10536,-121.76686
37.4076,112.56651,55.18157,-121.75065
37.4156,112.92480,55.25782,-121.73388
37.4324,113.28314,55.33410,-121.71655
37.4407,113.64153,55.41043,-121.69868
37.4493,113.99995,55.48679,-121.68026
37.4575,114.35843,55.56319,-121.66129
37.4661,114.71693,55.63963,-121.64179
37.4822,115.07549,55.71610,-121.62176
37.4905,115.43408,55.79261,-121.60119
37.4987,115.79271,55.86914,-121.58010
37.5074,116.15137,55.94571,-121.55850
37.5157,116.51007,56.02231,-121.53638
37.5313,116.86877,56.09892,-121.51375
37.5398,117.22714,56.17529,-121.49070
37.5482,117.58403,56.25056,-121.46752
37.5566,117.93947,56.32474,-121.44421
37.5649,118.29338,56.39777,-121.42079
37.5816,118.64566,56.46955,-121.39731
37.5899,118.99541,56.53946,-121.37397
37.5983,119.34268,56.60750,-121.35077
37.6066,119.68753,56.67373,-121.32771
37.6151,120.03000,56.73816,-121.30478
37.6317,120.37015,56.80082,-121.28198
37.6401,120.70801,56.86176,-121.25930
37.6484,121.04362,56.92099,-121.23674
37.6604,121.37703,56.97855,-121.21429
37.6743,121.70828,57.03446,-121.19194
37.6832,122.03741,57.08875,-121.16971
37.6910,122.36446,57.14145,-121.14757
37.6989,122.68947,57.19257,-121.12553
37.7066,123.01247,57.24215,-121.10358
37.7220,123.33350,57.29022,-121.08173
37.7301,123.65260,57.33679,-121.05995
37.7397,123.96982,57.38189,-121.03826
37.7476,124.28517,57.42553,-121.01664
37.7557,124.59869,57.46775,-120.99510
37.7714,124.91042,57.50856,-120.97363
37.7796,125.22037,57.54799,-120.95223
37.7884,125.52859,57.58605,-120.93090
37.7964,125.83511,57.62276,-120.90962
37.8129,126.13997,57.65815,-120.88840
37.8211,126.44318,57.69223,-120.86724
37.8295,126.74477,57.72503,-120.84614
37.8377,127.04477,57.75656,-120.82508
37.8461,127.34322,57.78684,-120.80407
37.8628,127.64015,57.81589,-120.78310
37.8712,127.93559,57.84373,-120.76217
37.8793,128.22955,57.87037,-120.74128
37.8883,128.52208,57.89582,-120.72042
37.8964,128.81317,57.92012,-120.69958
37.9126,129.10287,57.94326,-120.67879
37.9210,129.39122,57.96527,-120.65800
37.9292,129.67819,57.98615,-120.63723
37.9374,129.96385,58.00592,-120.61647
37.9455,130.24820,58.02458,-120.59571
37.9621,130.53128,58.04216,-120.57495
37.9703,130.81311,58.05864,-120.55414
37.9786,131.09370,58.07405,-120.53331
37.9869,131.37308,58.08842,-120.51247
37.9950,131.65126,58.10178,-120.49162
38.0113,131.92827,58.11415,-120.47079
38.0195,132.20412,58.12555,-120.44997
38.0277,132.47881,58.13601,-120.42918
38.0357,132.75237,58.14555,-120.40845
38.0520,133.02480,58.15422,-120.38779
38.0603,133.29611,58.16206,-120.36723
38.0684,133.56633,58.16905,-120.34677
38.0762,133.83548,58.17522,-120.32640
38.0922,134.10356,58.18060,-120.30615
38.1003,134.37061,58.18519,-120.28602
38.1084,134.63661,58.18901,-120.26601
38.1162,134.90163,58.19210,-120.24613
38.1321,135.16563,58.19445,-120.22638
38.1400,135.42867,58.19608,-120.20679
38.1480,135.69072,58.19703,-120.18735
38.1558,135.95183,58.19729,-120.16809
38.1712,136.21199,58.19692,-120.14901
38.1789,136.47122,58.19591,-120.13013
38.1866,136.72954,58.19429,-120.11147
38.2017,136.98694,58.19207,-120.09303
38.2093,137.24345,58.18929,-120.07481
38.2170,137.49908,58.18596,-120.05685
38.2321,137.75385,58.18209,-120.03915
38.2412,138.00775,58.17772,-120.02173
38.2494,138.26082,58.17284,-120.00459
38.2575,138.51305,58.16750,-119.98775
38.2657,138.76443,58.16170,-119.97123
38.2816,139.01500,58.15546,-119.95504
38.2895,139.26476,58.14880,-119.93921
38.2972,139.51369,58.14174,-119.92373
38.3051,139.76181,58.13430,-119.90862
38.3205,140.00912,58.12649,-119.89391
38.3283,140.25568,58.11834,-119.87963
38.3360,140.50146,58.10985,-119.86578
38.3513,140.74649,58.10106,-119.85239
38.3590,140.99060,58.09198,-119.83964
38.3667,141.23396,58.08261,-119.82738
38.3820,141.47658,58.07293,-119.81558
38.3897,141.71848,58.06297,-119.80422
38.3975,141.95967,58.05272,-119.79330
38.4051,142.20016,58.04218,-119.78283
38.4203,142.43997,58.03137,-119.77279
38.4280,142.67909,58.02028,-119.76319
38.4355,142.91753,58.00892,-119.75402
38.4509,143.15529,57.99730,-119.74529
38.4586,143.39253,57.98559,-119.73706
38.4663,143.62981,57.97463,-119.72969
38.4815,143.86714,57.96445,-119.72321
38.4891,144.10475,57.95540,-119.71775
38.4966,144.34268,57.94761,-119.71337
38.5118,144.58104,57.94123,-119.71014
38.5194,144.82005,57.93666,-119.70824
38.5267,145.05981,57.93404,-119.70770
38.5412,145.30032,57.93346,-119.70859
38.5493,145.54170,57.93511,-119.71098
38.5562,145.78394,57.93895,-119.71484
38.5704,146.02705,57.94502,-119.72020
38.5775,146.27104,57.95330,-119.72705
38.5916,146.51588,57.96378,-119.73536
38.5984,146.76157,57.97641,-119.74512
38.6055,147.00809,57.99119,-119.75634
38.6189,147.25548,58.00814,-119.76900
38.6258,147.50374,58.02728,-119.78312
38.6397,147.75287,58.04860,-119.79869
38.6466,148.00291,58.07214,-119.81574
38.6605,148.25388,58.09792,-119.83425
38.6675,148.50575,58.12594,-119.85423
38.6814,148.75856,58.15622,-119.87569
38.6885,149.01234,58.18880,-119.89864
38.6954,149.26709,58.22367,-119.92307
38.7094,149.52278,58.26083,-119.94898
38.7164,149.77922,58.29997,-119.97623
38.7304,150.03641,58.34107,-120.00483
38.7375,150.29358,58.38301,-120.03427
38.7513,150.55080,58.42581,-120.06455
38.7583,150.80803,58.46940,-120.09565
38.7653,151.06529,58.51377,-120.12757
38.7794,151.32257,58.55893,-120.16029
38.7863,151.57986,58.60484,-120.19380
38.8002,151.83716,58.65149,-120.22810
38.8071,152.09438,58.69877,-120.26313
38.8213,152.35144,58.74656,-120.29884
38.8284,152.60771,58.79390,-120.33481
38.8354,152.86324,58.84079,-120.37103
38.8492,153.11803,58.88721,-120.40751
38.8562,153.37193,58.93299,-120.44414
38.8701,153.62482,58.97789,-120.48084
38.8770,153.87669,59.02192,-120.51761
38.8912,154.12756,59.06511,-120.55444
38.8982,154.37746,59.10745,-120.59135
38.9052,154.62639,59.14897,-120.62833
38.9192,154.87436,59.18967,-120.66539
38.9262,155.12140,59.22957,-120.70252
38.9402,155.36751,59.26868,-120.73974
38.9472,155.61272,59.30701,-120.77703
38.9613,155.85703,59.34457,-120.81441
38.9682,156.10045,59.38137,-120.85188
38.9752,156.34299,59.41742,-120.88944
38.9892,156.58467,59.45272,-120.92708
38.9962,156.82550,59.48730,-120.96482
39.0102,157.06551,59.52116,-121.00265
39.0172,157.30469,59.55431,-121.04057
39.0312,157.54305,59.58677,-121.07859
39.0382,157.78061,59.61853,-121.11671
39.0453,158.01738,59.64961,-121.15493
39.0592,158.25337,59.68002,-121.19326
39.0662,158.48859,59.70977,-121.23168
39.0801,158.72304,59.73886,-121.27021
39.0870,158.95674,59.76730,-121.30885
39.1009,159.18980,59.79523,-121.34764
39.1078,159.42230,59.82266,-121.38660
39.1148,159.65425,59.84970,-121.42577
39.1289,159.88571,59.87642,-121.46518
39.1360,160.11681,59.90303,-121.50492
39.1500,160.34761,59.92964,-121.54504
39.1569,160.57822,59.95642,-121.58560
39.1710,160.80867,59.98346,-121.62665
39.1780,161.03899,60.01086,-121.66823
39.1851,161.26921,60.03871,-121.71037
39.1990,161.49931,60.06710,-121.75308
39.2060,161.72939,60.09606,-121.79640
39.2200,161.95943,60.12562,-121.84033
39.2270,162.18947,60.15578,-121.88487
39.2410,162.41949,60.18654,-121.93002
39.2480,162.64951,60.21789,-121.97577
39.2551,162.87949,60.24981,-122.02211
39.2690,163.10944,60.28229,-122.06904
39.2761,163.33936,60.31532,-122.11655
39.2901,163.56927,60.34893,-122.16465
39.2971,163.79933,60.38336,-122.21344
39.3111,164.03014,60.41961,-122.26335
39.3181,164.26175,60.45790,-122.31446
39.3251,164.49452,60.49879,-122.36702
39.3392,164.72841,60.54222,-122.42099
39.3461,164.96336,60.58815,-122.47635
39.3601,165.19936,60.63649,-122.53307
39.3671,165.43633,60.68719,-122.59112
39.3811,165.67426,60.74018,-122.65047
39.3881,165.91310,60.79541,-122.71109
39.3951,166.15285,60.85283,-122.77298
39.4093,166.39345,60.91240,-122.83609
39.4162,166.63489,60.97407,-122.90042
39.4303,166.87714,61.03780,-122.96593
39.4372,167.12016,61.10354,-123.03262
39.4512,167.36395,61.17126,-123.10046
39.4582,167.60847,61.24091,-123.16944
39.4651,167.85370,61.31246,-123.23953
39.4790,168.09962,61.38587,-123.31072
39.4860,168.34621,61.46111,-123.38299
39.5000,168.59344,61.53814,-123.45633
39.5071,168.84131,61.61693,-123.53072
39.5213,169.08978,61.69745,-123.60615
39.5282,169.33887,61.77965,-123.68260
39.5353,169.58852,61.86353,-123.76006
39.5492,169.83871,61.94905,-123.83851
39.5562,170.08946,62.03617,-123.91795
39.5703,170.34071,62.12487,-123.99833
39.5772,170.59248,62.21511,-124.07967
39.5911,170.84471,62.30687,-124.16192
39.5981,171.09738,62.39961,-124.24499
39.6050,171.35049,62.49388,-124.32895
39.6189,171.60390,62.58976,-124.41373
39.6258,171.85757,62.68727,-124.49931
39.6398,172.11143,62.78647,-124.58563
39.6469,172.36539,62.88739,-124.67265
39.6609,172.61932,62.99015,-124.76030
39.6679,172.87312,63.09481,-124.84850
39.6749,173.12666,63.20147,-124.93721
39.6889,173.37981,63.31018,-125.02631
39.6961,173.63174,63.42047,-125.11530
39.7106,173.88312,63.53292,-125.20451
39.7172,174.13394,63.64745,-125.29399
39.7312,174.38423,63.76401,-125.38374
39.7381,174.63399,63.88256,-125.47377
39.7452,174.88322,64.00306,-125.56406
39.7592,175.13194,64.12550,-125.65462
39.7661,175.38013,64.24983,-125.74544
39.7801,175.62779,64.37603,-125.83652
39.7872,175.87494,64.50407,-125.92785
39.8012,176.12157,64.63393,-126.01942
39.8082,176.36768,64.76558,-126.11124
39.8152,176.61327,64.89899,-126.20330
39.8292,176.85834,65.03415,-126.29559
39.8379,177.10289,65.17101,-126.38811
39.8483,177.34692,65.30956,-126.48086
39.8552,177.59061,65.44967,-126.57390
39.8692,177.83377,65.59142,-126.66714
39.8761,178.07642,65.73478,-126.76062
39.8902,178.31848,65.87976,-126.85428
39.8972,178.55986,66.02642,-126.94812
39.9115,178.80049,66.17478,-127.04211
39.9184,179.04031,66.32486,-127.13622
39.9254,179.27917,66.47674,-127.23035
39.9392,179.51698,66.63046,-127.32447
39.9463,179.75365,66.78608,-127.41848
39.9602,179.98904,66.94366,-127.51228
39.9676,180.22302,67.10322,-127.60579
39.9812,180.45551,67.26481,-127.69893
39.9881,180.68636,67.42845,-127.79161
39.9951,180.91554,67.59417,-127.88380
40.0090,181.14294,67.76201,-127.97536
40.0160,181.36845,67.93196,-128.06620
40.0298,181.59195,68.10407,-128.15620
40.0368,181.81332,68.27832,-128.24520
40.0507,182.03249,68.45478,-128.33308
40.0577,182.24931,68.63343,-128.41967
40.0715,182.46373,68.81429,-128.50481
40.0785,182.67564,68.99733,-128.58837
40.0854,182.88496,69.18255,-128.67024
40.0994,183.09163,69.36992,-128.75025
40.1067,183.29556,69.55940,-128.82829
40.1206,183.49672,69.75097,-128.90425
40.1279,183.69504,69.94457,-128.97796
40.1350,183.89049,70.14016,-129.04934
40.1493,184.08292,70.33757,-129.11814
40.1572,184.27243,70.53689,-129.18454
40.1649,184.45905,70.73808,-129.24859
40.1802,184.64276,70.94113,-129.31033
40.1891,184.82368,71.14579,-129.36984
40.1970,185.00183,71.35204,-129.42716
40.2055,185.17773,71.55839,-129.48289
40.2199,185.35150,71.76503,-129.53708
40.2276,185.52328,71.97160,-129.58987
40.2353,185.69351,72.17703,-129.64176
40.2517,185.86226,72.38139,-129.69276
40.2598,186.02959,72.58432,-129.74300
40.2686,186.19559,72.78585,-129.79251
40.2764,186.36024,72.98604,-129.84130
40.2908,186.52359,73.18489,-129.88937
40.2983,186.68562,73.38243,-129.93674
40.3058,186.84637,73.57869,-129.98339
40.3210,187.00586,73.77366,-130.02935
40.3289,187.16408,73.96740,-130.07461
40.3365,187.32104,74.15989,-130.11918
40.3518,187.47678,74.35118,-130.16306
40.3595,187.63129,74.54129,-130.20626
40.3674,187.78459,74.73021,-130.24879
40.3750,187.93669,74.91799,-130.29064
40.3905,188.08762,75.10463,-130.33183
40.3983,188.23735,75.29014,-130.37235
40.4061,188.38593,75.47455,-130.41221
40.4217,188.53336,75.65788,-130.45142
40.4294,188.67964,75.84014,-130.48998
40.4373,188.82478,76.02134,-130.52789
40.4449,188.96892,76.20123,-130.56528
40.4599,189.11206,76.37976,-130.60217
40.4677,189.25443,76.55637,-130.63881
40.4753,189.39604,76.73106,-130.67521
40.4909,189.53693,76.90382,-130.71139
40.4986,189.67712,77.07458,-130.74738
40.5065,189.81664,77.24337,-130.78319
40.5221,189.95549,77.41014,-130.81884
40.5301,190.09367,77.57500,-130.85431
40.5383,190.23120,77.73793,-130.88960
40.5462,190.36809,77.89897,-130.92472
40.5620,190.50435,78.05812,-130.95967
40.5697,190.63997,78.21540,-130.99445
40.5781,190.77498,78.37083,-131.02906
40.5855,190.90938,78.52443,-131.06351
40.6012,191.04317,78.67620,-131.09781
40.6091,191.17636,78.82617,-131.13194
40.6169,191.30898,78.97435,-131.16592
40.6246,191.44101,79.12075,-131.19975
40.6421,191.57246,79.26541,-131.23342
40.6509,191.70335,79.40831,-131.26694
40.6597,191.83369,79.54950,-131.30032
40.6689,191.96349,79.68896,-131.33355
40.6775,192.09273,79.82673,-131.36664
40.6863,192.22144,79.96280,-131.39958
40.6949,192.34961,80.09721,-131.43238
40.7120,192.47726,80.22996,-131.46505
40.7206,192.60440,80.36106,-131.49758
40.7290,192.73103,80.49054,-131.52997
40.7377,192.85715,80.61839,-131.56223
40.7463,192.98277,80.74463,-131.59435
40.7632,193.10791,80.86928,-131.62634
40.7717,193.23256,80.99235,-131.65821
40.7804,193.35672,81.11385,-131.68995
40.7889,193.48041,81.23379,-131.72155
40.7974,193.60362,81.35218,-131.75304
40.8060,193.72638,81.46904,-131.78440
40.8229,193.84868,81.58436,-131.81564
40.8313,193.97052,81.69817,-131.84676
40.8398,194.09195,81.81076,-131.87766
40.8483,194.21294,81.92202,-131.90839
40.8569,194.33351,82.03190,-131.93895
40.8653,194.45363,82.14045,-131.96936
40.8825,194.57330,82.24770,-131.99958
40.8913,194.69255,82.35379,-132.02959
40.9001,194.81140,82.45877,-132.05938
40.9091,194.92984,82.56262,-132.08897
40.9180,195.04787,82.66547,-132.11829
40.9269,195.16544,82.76716,-132.14743
40.9361,195.28256,82.86782,-132.17633
40.9451,195.39923,82.96740,-132.20501
40.9638,195.51541,83.06588,-132.23349
40.9733,195.63110,83.16328,-132.26176
40.9831,195.74629,83.25958,-132.28983
40.9930,195.86099,83.35476,-132.31771
41.0029,195.97519,83.44877,-132.34544
41.0129,196.08891,83.54155,-132.37304
41.0232,196.20218,83.63305,-132.40052
41.0333,196.31502,83.72321,-132.42793
41.0439,196.42740,83.81201,-132.45525
41.0544,196.53935,83.89945,-132.48248
41.0648,196.65088,83.98554,-132.50962
41.0655,196.76195,84.07024,-132.53669
41.0753,196.87260,84.15362,-132.56366
41.0861,196.98285,84.23566,-132.59055
41.0965,197.09259,84.31620,-132.61740
41.1076,197.20190,84.39537,-132.64418
41.1182,197.31082,84.47320,-132.67086
41.1288,197.41937,84.54976,-132.69746
41.1396,197.52756,84.62506,-132.72397
41.1502,197.63539,84.69909,-132.75039
41.1613,197.74289,84.77186,-132.77673
41.1717,197.85007,84.84338,-132.80299
41.1826,197.95667,84.91377,-132.82908
41.1931,198.06264,84.98307,-132.85499
41.2037,198.16658,85.05197,-132.88027
41.2145,198.26848,85.12046,-132.90492
41.2253,198.36838,85.18856,-132.92894
41.2260,198.46628,85.25624,-132.95234
41.2361,198.56219,85.32354,-132.97512
41.2469,198.65616,85.39043,-132.99730
41.2576,198.74817,85.45692,-133.01886
41.2684,198.83824,85.52301,-133.03982
41.2793,198.92642,85.58873,-133.06018
41.2900,199.01270,85.65406,-133.07995
41.3009,199.09708,85.71902,-133.09912
41.3115,199.17960,85.78361,-133.11770
41.3223,199.26025,85.84782,-133.13569
41.3330,199.33908,85.91166,-133.15310
41.3438,199.41605,85.97511,-133.16992
41.3545,199.49118,86.03815,-133.18618
41.3653,199.56445,86.10077,-133.20187
41.3661,199.63586,86.16294,-133.21700
41.3761,199.70543,86.22464,-133.23159
41.3870,199.77313,86.28585,-133.24566
41.3979,199.83899,86.34658,-133.25918
41.4089,199.90297,86.40677,-133.27220
41.4199,199.96510,86.46643,-133.28471
41.4306,200.02536,86.52553,-133.29671
41.4411,200.08377,86.58406,-133.30823
41.4507,200.14030,86.64199,-133.31926
41.4606,200.19499,86.69932,-133.32980
41.4709,200.24782,86.75602,-133.33989
41.4812,200.29877,86.81205,-133.34952
41.4918,200.34785,86.86740,-133.35871
41.5025,200.39507,86.92204,-133.36749
41.5131,200.44041,86.97593,-133.37585
41.5238,200.48387,87.02906,-133.38383
41.5346,200.52547,87.08142,-133.39144
41.5454,200.56519,87.13295,-133.39869
41.5461,200.60303,87.18364,-133.40560
41.5565,200.63901,87.23346,-133.41219
41.5681,200.67311,87.28240,-133.41846
41.5784,200.70534,87.33041,-133.42445
41.5892,200.73572,87.37748,-133.43015
41.5999,200.76424,87.42358,-133.43560
41.6105,200.79073,87.46869,-133.44078
41.6210,200.81511,87.51277,-133.44570
41.6313,200.83719,87.55579,-133.45036
41.6415,200.85583,87.59770,-133.45468
41.6518,200.87074,87.63816,-133.45881
41.6615,200.88014,87.67730,-133.46250
41.6714,200.88388,87.71517,-133.46570
41.6814,200.88086,87.75174,-133.46831
41.6914,200.87111,87.78704,-133.47033
41.7013,200.85471,87.82106,-133.47177
41.7113,200.83173,87.85380,-133.47263
41.7213,200.80223,87.88528,-133.47291
41.7309,200.76630,87.91549,-133.47263
41.7407,200.72400,87.94444,-133.47179
41.7505,200.67540,87.97212,-133.47040
41.7603,200.62056,87.99854,-133.46846
41.7703,200.55957,88.02369,-133.46598
41.7802,200.49249,88.04758,-133.46296
41.7901,200.41940,88.07020,-133.45941
41.8002,200.34038,88.09156,-133.45533
41.8101,200.25549,88.11166,-133.45074
41.8199,200.16484,88.13049,-133.44564
41.8297,200.06848,88.14805,-133.44004
41.8397,199.96649,88.16435,-133.43394
41.8495,199.85896,88.17937,-133.42735
41.8594,199.74599,88.19313,-133.42028
41.8697,199.62761,88.20562,-133.41272
41.8794,199.50392,88.21684,-133.40470
41.8894,199.37498,88.22679,-133.39621
41.8995,199.24089,88.23547,-133.38726
41.9097,199.10170,88.24288,-133.37786
41.9199,198.95750,88.24902,-133.36802
41.9301,198.80836,88.25389,-133.35773
41.9402,198.65437,88.25749,-133.34702
41.9502,198.49559,88.25982,-133.33587
41.9602,198.33209,88.26088,-133.32431
41.9703,198.16397,88.26067,-133.31233
41.9807,197.99129,88.25920,-133.29994
41.9913,197.81412,88.25646,-133.28716
42.0015,197.63254,88.25245,-133.27397
42.0116,197.44662,88.24718,-133.26040
42.0219,197.25644,88.24064,-133.24644
42.0321,197.06207,88.23285,-133.23211
42.0446,196.86359,88.22379,-133.21741
42.0558,196.66106,88.21347,-133.20235
42.0565,196.45456,88.20190,-133.18692
42.0668,196.24416,88.18908,-133.17115
42.0779,196.02992,88.17499,-133.15503
42.0887,195.81194,88.15966,-133.13857
42.0997,195.59027,88.14309,-133.12178
42.1106,195.36499,88.12526,-133.10466
42.1214,195.13617,88.10620,-133.08722
42.1322,194.90387,88.08589,-133.06946
42.1428,194.66817,88.06434,-133.05139
42.1537,194.42912,88.04157,-133.03302
42.1644,194.18680,88.01756,-133.01435
42.1752,193.94127,87.99232,-132.99539
42.1759,193.69258,87.96586,-132.97614
42.1860,193.44081,87.93818,-132.95661
42.1967,193.18602,87.90929,-132.93680
42.2074,192.92825,87.87918,-132.91672
42.2185,192.66759,87.84787,-132.89637
42.2293,192.40408,87.81534,-132.87576
42.2401,192.13779,87.78162,-132.85490
42.2510,191.86876,87.74670,-132.83378
42.2620,191.59706,87.71059,-132.81242
42.2727,191.32275,87.67329,-132.79081
42.2837,191.04588,87.63481,-132.76897
42.2947,190.76651,87.59514,-132.74689
42.2955,190.48468,87.55431,-132.72459
42.3057,190.20045,87.51230,-132.70206
42.3169,189.91388,87.46914,-132.67932
42.3280,189.62502,87.42481,-132.65636
42.3390,189.33389,87.37933,-132.63320
42.3500,189.04059,87.33270,-132.60983
42.3610,188.74513,87.28492,-132.58625
42.3721,188.44757,87.23601,-132.56248
42.3835,188.14796,87.18597,-132.53851
42.3944,187.84634,87.13480,-132.51436
42.4059,187.54277,87.08251,-132.49002
42.4066,187.23727,87.02909,-132.46550
42.4170,186.92990,86.97458,-132.44080
42.4283,186.62070,86.91895,-132.41593
42.4393,186.30971,86.86222,-132.39089
42.4508,185.99698,86.80441,-132.36568
42.4624,185.68254,86.74550,-132.34031
42.4743,185.36644,86.68552,-132.31479
42.4858,185.04871,86.62446,-132.28910
42.4865,184.72939,86.56233,-132.26326
42.4977,184.40852,86.49913,-132.23728
42.5090,184.08615,86.43489,-132.21115
42.5205,183.76230,86.36959,-132.18487
42.5323,183.43701,86.30324,-132.15846
42.5439,183.11032,86.23586,-132.13191
42.5566,182.78226,86.16744,-132.10522
42.5575,182.45285,86.09800,-132.07841
42.5725,182.12215,86.02753,-132.05147
42.5819,181.79016,85.95605,-132.02440
42.5920,181.45694,85.88356,-131.99721
42.6032,181.12251,85.81008,-131.96990
42.6148,180.78691,85.73560,-131.94248
42.6156,180.45015,85.66013,-131.91494
42.6265,180.11227,85.58368,-131.88729
42.6383,179.77330,85.50626,-131.85953
42.6501,179.43327,85.42787,-131.83167
42.6619,179.09221,85.34851,-131.80370
42.6738,178.75014,85.26821,-131.77563
42.6858,178.40707,85.18695,-131.74746
42.6866,178.06305,85.10474,-131.71919
42.6977,177.71809,85.02160,-131.69083
42.7101,177.37224,84.93753,-131.66238
42.7215,177.02550,84.85254,-131.63383
42.7334,176.67789,84.76663,-131.60520
42.7454,176.32944,84.67981,-131.57648
42.7461,175.98018,84.59208,-131.54768
42.7574,175.63013,84.50346,-131.51880
42.7694,175.27930,84.41394,-131.48983
42.7813,174.92772,84.32354,-131.46079
42.7932,174.57539,84.23227,-131.43167
42.8049,174.22234,84.14011,-131.40247
42.8057,173.86858,84.04709,-131.37320
42.8168,173.51411,83.95321,-131.34386
42.8285,173.15898,83.85848,-131.31445
42.8405,172.80319,83.76290,-131.28496
42.8509,172.44675,83.66648,-131.25541
42.8615,172.08977,83.56922,-131.22585
42.8726,171.73224,83.47113,-131.19624
42.8835,171.37415,83.37221,-131.16659
42.8950,171.01555,83.27250,-131.13688
42.8958,170.65643,83.17196,-131.10709
42.9064,170.29677,83.07064,-131.07716
42.9178,169.93661,82.96851,-131.04711
42.9291,169.57594,82.86560,-131.01689
42.9404,169.21478,82.76191,-130.98647
42.9520,168.85315,82.65745,-130.95584
42.9634,168.49104,82.55222,-130.92500
42.9749,168.12851,82.44622,-130.89390
42.9757,167.76555,82.33947,-130.86256
42.9862,167.40219,82.23197,-130.83094
42.9976,167.03842,82.12371,-130.79903
43.0094,166.67432,82.01472,-130.76683
43.0206,166.30983,81.90499,-130.73431
43.0322,165.94502,81.79454,-130.70147
43.0434,165.57988,81.68335,-130.66829
43.0548,165.21445,81.57145,-130.63474
43.0556,164.84869,81.45884,-130.60082
43.0662,164.48265,81.34553,-130.56651
43.0775,164.11633,81.23151,-130.53180
43.0891,163.74977,81.11679,-130.49667
43.1004,163.38297,81.00139,-130.46111
43.1123,163.01593,80.88531,-130.42510
43.1235,162.64868,80.76854,-130.38865
43.1352,162.28122,80.65110,-130.35172
43.1360,161.91357,80.53300,-130.31431
43.1463,161.54575,80.41423,-130.27640
43.1576,161.17773,80.29480,-130.23799
43.1690,160.80959,80.17472,-130.19905
43.1803,160.44128,80.05400,-130.15958
43.1914,160.07283,79.93264,-130.11956
43.2025,159.70425,79.81063,-130.07898
43.2136,159.33559,79.68800,-130.03782
43.2247,158.96680,79.56474,-129.99608
43.2254,158.59792,79.44086,-129.95374
43.2361,158.22896,79.31636,-129.91079
43.2473,157.85992,79.19125,-129.86722
43.2585,157.49083,79.06553,-129.82301
43.2695,157.12169,78.93922,-129.77816
43.2808,156.75250,78.81231,-129.73265
43.2919,156.38329,78.68481,-129.68647
43.3030,156.01405,78.55671,-129.63961
43.3141,155.64481,78.42804,-129.59206
43.3254,155.27556,78.29879,-129.54380
43.3262,154.90631,78.16896,-129.49482
43.3364,154.53709,78.03856,-129.44512
43.3476,154.16791,77.90759,-129.39468
43.3589,153.79874,77.77607,-129.34349
43.3818,153.42964,77.64398,-129.29154
43.3826,153.06058,77.51134,-129.23881
43.3917,152.69159,77.37815,-129.18531
43.4024,152.32266,77.24442,-129.13100
43.4134,151.95384,77.11015,-129.07590
43.4244,151.58510,76.97534,-129.01998
43.4369,151.21646,76.83999,-128.96324
43.4376,150.84793,76.70412,-128.90566
43.4486,150.47952,76.56771,-128.84724
43.4609,150.11125,76.43079,-128.78797
43.4730,149.74313,76.29335,-128.72784
43.4852,149.37517,76.15539,-128.66684
43.4860,149.00734,76.01692,-128.60496
43.4973,148.63969,75.87794,-128.54217
43.5092,148.27222,75.73845,-128.47848
43.5215,147.90494,75.59845,-128.41386
43.5334,147.53784,75.45794,-128.34832
43.5454,147.17094,75.31693,-128.28184
43.5461,146.80426,75.17542,-128.21441
43.5575,146.43781,75.03341,-128.14601
43.5694,146.07158,74.89090,-128.07664
43.5814,145.70560,74.74790,-128.00628
43.5933,145.33987,74.60440,-127.93493
43.6057,144.97441,74.46041,-127.86258
43.6065,144.60922,74.31594,-127.78920
43.6175,144.24429,74.17097,-127.71480
43.6294,143.87967,74.02551,-127.63937
43.6415,143.51534,73.87957,-127.56288
43.6534,143.15132,73.73314,-127.48533
43.6654,142.78761,73.58623,-127.40672
43.6661,142.42422,73.43884,-127.32703
43.6773,142.06117,73.29096,-127.24625
43.6893,141.69849,73.14260,-127.16437
43.7012,141.33614,72.99376,-127.08139
43.7133,140.97415,72.84445,-126.99728
43.7254,140.61253,72.69465,-126.91206
43.7262,140.25130,72.54438,-126.82570
43.7372,139.89046,72.39363,-126.73819
43.7492,139.53001,72.24242,-126.64953
43.7610,139.17000,72.09072,-126.55970
43.7728,138.81039,71.93856,-126.46871
43.7849,138.45122,71.78592,-126.37654
43.7856,138.09247,71.63282,-126.28318
43.7965,137.73419,71.47924,-126.18863
43.8085,137.37636,71.32518,-126.09287
43.8201,137.01900,71.17067,-125.99590
43.8316,136.66211,71.01568,-125.89772
43.8432,136.30571,70.86023,-125.79830
43.8550,135.94981,70.70432,-125.69765
43.8558,135.59442,70.54793,-125.59577
43.8663,135.23953,70.39109,-125.49263
43.8781,134.88518,70.23378,-125.38824
43.8896,134.53133,70.07600,-125.28257
43.9013,134.17799,69.91775,-125.17563
43.9129,133.82520,69.75903,-125.06740
43.9247,133.47293,69.59985,-124.95788
43.9255,133.12122,69.44020,-124.84706
43.9365,132.77005,69.28007,-124.73494
43.9482,132.41943,69.11949,-124.62151
43.9598,132.06941,68.95843,-124.50677
43.9715,131.71999,68.79692,-124.39071
43.9833,131.37114,68.63494,-124.27332
43.9954,131.02292,68.47248,-124.15459
43.9964,130.67531,68.30958,-124.03453
44.0071,130.32834,68.14621,-123.91312
44.0188,129.98199,67.98237,-123.79037
44.0304,129.63631,67.81808,-123.66627
44.0421,129.29129,67.65332,-123.54081
44.0538,128.94693,67.48810,-123.41399
44.0653,128.60326,67.32243,-123.28580
44.0662,128.26027,67.15630,-123.15625
44.0771,127.91798,66.98970,-123.02531
44.0885,127.57642,66.82264,-122.89300
44.1004,127.23557,66.65513,-122.75930
44.1126,126.89546,66.48716,-122.62423
44.1241,126.55609,66.31873,-122.48775
44.1357,126.21748,66.14985,-122.34989
44.1366,125.87964,65.98052,-122.21062
44.1473,125.54257,65.81072,-122.06997
44.1591,125.20628,65.64047,-121.92790
44.1707,124.87079,65.46977,-121.78443
44.1824,124.53612,65.29860,-121.63955
44.1938,124.20226,65.12699,-121.49325
44.2054,123.86920,64.95491,-121.34553
44.2061,123.53699,64.78238,-121.19638
44.2171,123.20563,64.60939,-121.04581
44.2275,122.87511,64.43595,-120.89381
44.2380,122.54544,64.26205,-120.74036
44.2486,122.21664,64.08770,-120.58548
44.2597,121.88872,63.91290,-120.42916
44.2704,121.56168,63.73766,-120.27139
44.2817,121.23553,63.56199,-120.11219
44.2931,120.91029,63.38589,-119.95154
44.3042,120.58597,63.20936,-119.78944
44.3155,120.26256,63.03244,-119.62591
44.3162,119.94008,62.85511,-119.46092
44.3272,119.61856,62.67738,-119.29448
44.3386,119.29797,62.49929,-119.12659
44.3501,118.97835,62.32082,-118.95723
44.3616,118.65968,62.14199,-118.78641
44.3732,118.34203,61.96281,-118.61412
44.3848,118.02536,61.78329,-118.44036
44.3855,117.70969,61.60345,-118.26511
44.3963,117.39503,61.42330,-118.08838
44.4079,117.08142,61.24284,-117.91017
44.4193,116.76883,61.06208,-117.73045
44.4310,116.45729,60.88105,-117.54924
44.4424,116.14682,60.69974,-117.36652
44.4540,115.83740,60.51817,-117.18229
44.4654,115.52908,60.33635,-116.99654
44.4661,115.22185,60.15430,-116.80927
44.4771,114.91573,59.97203,-116.62047
44.4883,114.61073,59.78955,-116.43013
44.5000,114.30687,59.60688,-116.23825
44.5114,114.00417,59.42402,-116.04481
44.5232,113.70261,59.24100,-115.84982
44.5347,113.40222,59.05784,-115.65326
44.5355,113.10304,58.87455,-115.45511
44.5464,112.80505,58.69115,-115.25538
44.5580,112.50829,58.50767,-115.05405
44.5698,112.21277,58.32412,-114.85112
44.5818,111.91849,58.14053,-114.64658
44.5938,111.62549,57.95691,-114.44042
44.6058,111.33374,57.77330,-114.23264
44.6066,111.04330,57.58969,-114.02323
44.6178,110.75418,57.40612,-113.81220
44.6296,110.46637,57.22261,-113.59953
44.6414,110.17989,57.03919,-113.38524
44.6532,109.89474,56.85585,-113.16931
44.6649,109.61095,56.67263,-112.95173
44.6658,109.32854,56.48956,-112.73251
44.6770,109.04750,56.30663,-112.51165
44.6886,108.76787,56.12388,-112.28914
44.7004,108.48962,55.94133,-112.06499
44.7123,108.21281,55.75900,-111.83918
44.7243,107.93744,55.57690,-111.61172
44.7363,107.66351,55.39505,-111.38260
44.7370,107.39105,55.21348,-111.15182
44.7481,107.12006,55.03221,-110.91939
44.7600,106.85054,54.85123,-110.68530
44.7724,106.58252,54.67059,-110.44956
44.7841,106.31599,54.49029,-110.21217
44.7961,106.05087,54.31031,-109.97302
44.7968,105.78719,54.13065,-109.73213
44.8079,105.52489,53.95134,-109.48952
44.8201,105.26404,53.77239,-109.24518
44.8332,105.00461,53.59381,-108.99912
44.8463,104.74661,53.41564,-108.75135
44.8470,104.49008,53.23787,-108.50189
44.8596,104.23499,53.06053,-108.25074
44.8732,103.98135,52.88361,-107.99791
44.8856,103.72917,52.70715,-107.74342
44.8870,103.47845,52.53115,-107.48727
44.8986,103.22920,52.35564,-107.22948
44.9116,102.98141,52.18061,-106.97005
44.9242,102.73511,52.00609,-106.70900
44.9367,102.49028,51.83209,-106.44633
44.9374,102.24692,51.65862,-106.18206
44.9493,102.00505,51.48570,-105.91620
44.9618,101.76465,51.31334,-105.64876
44.9744,101.52574,51.14156,-105.37975
44.9871,101.28830,50.97038,-105.10917
44.9878,101.05237,50.79979,-104.83706
44.9994,100.81790,50.62984,-104.56340
45.0120,100.58495,50.46052,-104.28823
45.0244,100.35349,50.29186,-104.01153
45.0368,100.12352,50.12386,-103.73334
45.0377,99.89503,49.95653,-103.45366
45.0497,99.66806,49.78990,-103.17249
45.0625,99.44258,49.62397,-102.88986
45.0765,99.21858,49.45877,-102.60577
45.0772,98.99609,49.29429,-102.32024
45.0894,98.77510,49.13057,-102.03327
45.1022,98.55563,48.96759,-101.74488
45.1148,98.33766,48.80539,-101.45508
45.1156,98.12119,48.64398,-101.16388
45.1275,97.90623,48.48336,-100.87129
45.1405,97.69278,48.32356,-100.57732
45.1529,97.48087,48.16457,-100.28199
45.1656,97.27045,48.00642,-99.98530
45.1663,97.06155,47.84912,-99.68727
45.1786,96.85417,47.69268,-99.38791
45.1909,96.64833,47.53710,-99.08722
45.2034,96.44400,47.38240,-98.78523
45.2157,96.24120,47.22861,-98.48194
45.2165,96.03993,47.07572,-98.17737
45.2279,95.84018,46.92374,-97.87151
45.2402,95.64198,46.77270,-97.56440
45.2524,95.44531,46.62259,-97.25603
45.2649,95.25017,46.47345,-96.94643
45.2657,95.05658,46.32526,-96.63559
45.2773,94.86453,46.17804,-96.32354
45.2894,94.67403,46.03180,-96.01029
45.3016,94.48508,45.88656,-95.69584
45.3140,94.29767,45.74232,-95.38020
45.3264,94.11182,45.59909,-95.06340
45.3271,93.92752,45.45689,-94.74544
45.3386,93.74480,45.31572,-94.42633
45.3508,93.56361,45.17560,-94.10609
45.3632,93.38400,45.03654,-93.78472
45.3755,93.20596,44.89853,-93.46224
45.3764,93.02948,44.76160,-93.13866
45.3874,92.85458,44.62574,-92.81400
45.3994,92.68124,44.49097,-92.48826
45.4115,92.50949,44.35730,-92.16145
45.4234,92.33932,44.22473,-91.83360
45.4353,92.17072,44.09327,-91.50470
45.4362,92.00372,43.96294,-91.17478
45.4470,91.83826,43.83372,-90.84385
45.4588,91.67444,43.70565,-90.51191
45.4704,91.51221,43.57871,-90.17899
45.4822,91.35153,43.45291,-89.84508
45.4938,91.19247,43.32827,-89.51021
45.5055,91.03500,43.20477,-89.17438
45.5064,90.87915,43.08244,-88.83760
45.5173,90.72488,42.96128,-88.49989
45.5287,90.57224,42.84128,-88.16127
45.5404,90.42120,42.72246,-87.82173
45.5519,90.27176,42.60482,-87.48130
45.5634,90.12396,42.48836,-87.13999
45.5750,89.97778,42.37310,-86.79782
45.5758,89.83319,42.25901,-86.45480
45.5864,89.69025,42.14611,-86.11093
45.5978,89.54892,42.03441,-85.76623
45.6093,89.40921,41.92391,-85.42070
45.6207,89.27109,41.81459,-85.07438
45.6317,89.13464,41.70645,-84.72726
45.6419,88.99982,41.59951,-84.37935
45.6523,88.86658,41.49376,-84.03068
45.6860,88.73502,41.38919,-83.68126
45.6895,88.60507,41.28581,-83.33110
45.6916,88.47675,41.18361,-82.98020
45.6932,88.35007,41.08260,-82.62857
45.8604,88.22504,40.98278,-82.27623
45.8621,88.10162,40.88412,-81.92322
45.8642,87.97992,40.78665,-81.56951
45.8661,87.85986,40.69036,-81.21513
45.8675,87.74149,40.59524,-80.86008
45.8691,87.62482,40.50131,-80.50437
45.8704,87.50983,40.40856,-80.14802
45.8718,87.39655,40.31698,-79.79104
45.8731,87.28503,40.22657,-79.43343
45.8744,87.17520,40.13735,-79.07521
45.8760,87.06711,40.04930,-78.71639
45.8775,86.96078,39.96241,-78.35699
45.8790,86.85620,39.87671,-77.99701
45.8806,86.75339,39.79216,-77.63646
45.8820,86.65237,39.70880,-77.27536
45.8834,86.55310,39.62658,-76.91372
45.8848,86.45563,39.54553,-76.55155
45.9008,86.35999,39.46564,-76.18886
45.9020,86.26593,39.38682,-75.82593
45.9033,86.17365,39.30912,-75.46253
45.9047,86.08325,39.23253,-75.09868
45.9219,85.99472,39.15705,-74.73437
45.9234,85.90814,39.08268,-74.36963
45.9394,85.82352,39.00940,-74.00445
45.9407,85.74088,38.93718,-73.63887
45.9604,85.66031,38.86602,-73.27287
45.9617,85.58179,38.79591,-72.90650
45.9787,85.50540,38.72683,-72.53974
45.9801,85.43112,38.65876,-72.17262
45.9965,85.35904,38.59169,-71.80516
45.9975,85.28915,38.52562,-71.43736
46.0129,85.22153,38.46051,-71.06925
46.0289,85.15613,38.39636,-70.70083
46.0303,85.09308,38.33315,-70.33212
46.0437,85.03235,38.27085,-69.96315
46.0613,84.97400,38.20948,-69.59393
46.0622,84.91800,38.14898,-69.22447
46.0749,84.86444,38.08934,-68.85481
46.0758,84.81332,38.03057,-68.48495
46.0913,84.76468,37.97263,-68.11493
46.1062,84.71854,37.91550,-67.74475
46.1075,84.67496,37.85917,-67.37444
46.1237,84.63397,37.80361,-67.00403
46.1370,84.59561,37.74881,-66.63352
46.1380,84.55991,37.69474,-66.26295
46.1510,84.52689,37.64139,-65.89234
46.1659,84.49661,37.58873,-65.52171
46.1668,84.46909,37.53674,-65.15108
46.1782,84.44437,37.48539,-64.78049
46.1901,84.42249,37.43467,-64.40996
46.2013,84.40347,37.38455,-64.03951
46.2111,84.38739,37.33500,-63.66918
46.2208,84.37421,37.28600,-63.29899
46.2304,84.36401,37.23754,-62.92897
46.2402,84.35678,37.18956,-62.55915
46.2497,84.35260,37.14207,-62.18956
46.2592,84.35147,37.09503,-61.82022
46.2692,84.35342,37.04841,-61.45118
46.2788,84.35849,37.00219,-61.08245
46.2924,84.36673,36.95634,-60.71407
46.3085,84.37808,36.91084,-60.34608
46.3093,84.39267,36.86564,-59.97850
46.3197,84.41043,36.82074,-59.61137
46.3301,84.43143,36.77610,-59.24473
46.3404,84.45569,36.73169,-58.87859
46.3501,84.48322,36.68747,-58.51301
46.3595,84.51401,36.64343,-58.14802
46.3703,84.54803,36.59953,-57.78367
46.3795,84.58536,36.55574,-57.41999
46.3892,84.62601,36.51201,-57.05701
46.3988,84.66998,36.46832,-56.69480
46.4078,84.71738,36.42462,-56.33340
46.4168,84.76819,36.38086,-55.97287
46.4257,84.82251,36.33699,-55.61325
46.4347,84.88034,36.29298,-55.25461
46.4517,84.94171,36.24877,-54.89701
46.4607,85.00665,36.20430,-54.54050
46.4701,85.07526,36.15955,-54.18515
46.4789,85.14749,36.11444,-53.83103
46.4875,85.22345,36.06893,-53.47820
46.4961,85.30310,36.02296,-53.12672
46.5050,85.38647,35.97649,-52.77666
46.5213,85.47360,35.92945,-52.42809
46.5298,85.56454,35.88180,-52.08105
46.5384,85.65933,35.83346,-51.73565
46.5473,85.75790,35.78440,-51.39192
46.5561,85.86038,35.73454,-51.04996
46.5722,85.96683,35.68385,-50.70971
46.5807,86.07724,35.63226,-50.37123
46.5891,86.19165,35.57975,-50.03462
46.5975,86.31003,35.52628,-49.69993
46.6063,86.43234,35.47181,-49.36725
46.6146,86.55865,35.41632,-49.03664
46.6309,86.68887,35.35980,-48.70816
46.6393,86.82303,35.30218,-48.38190
46.6477,86.96112,35.24347,-48.05791
46.6560,87.10312,35.18361,-47.73626
46.6650,87.24899,35.12260,-47.41702
46.6810,87.39877,35.06041,-47.10027
46.6894,87.55237,34.99701,-46.78605
46.6978,87.70981,34.93236,-46.47444
46.7062,87.87103,34.86645,-46.16551
46.7222,88.03607,34.79924,-45.85933
46.7308,88.20490,34.73072,-45.55596
46.7403,88.37744,34.66085,-45.25546
46.7489,88.55371,34.58960,-44.95790
46.7577,88.73367,34.51696,-44.66335
46.7662,88.91724,34.44292,-44.37183
46.7753,89.10440,34.36747,-44.08339
46.7920,89.29510,34.29060,-43.79806
46.8006,89.48926,34.21231,-43.51588
46.8087,89.68695,34.13258,-43.23686
46.8171,89.88806,34.05143,-42.96101
46.8254,90.09256,33.96888,-42.68836
46.8412,90.30045,33.88493,-42.41891
46.8502,90.51160,33.79958,-42.15267
46.8586,90.72601,33.71285,-41.88964
46.8673,90.94366,33.62476,-41.62983
46.8758,91.16452,33.53534,-41.37324
46.8851,91.38849,33.44459,-41.11990
46.9014,91.61557,33.35255,-40.86980
46.9098,91.84567,33.25922,-40.62296
46.9180,92.07883,33.16464,-40.37941
46.9265,92.31494,33.06884,-40.13916
46.9352,92.55389,32.97188,-39.90236
46.9538,92.79565,32.87378,-39.66903
46.9641,93.04019,32.77457,-39.43917
46.9744,93.28746,32.67430,-39.21284
46.9838,93.53741,32.57302,-38.99003
46.9938,93.79005,32.47076,-38.77077
47.0027,94.04529,32.36757,-38.55510
47.0160,94.30313,32.26348,-38.34302
47.0178,94.56352,32.15853,-38.13456
47.0415,94.82643,32.05277,-37.92974
47.0425,95.09183,31.94622,-37.72858
47.0522,95.35966,31.83895,-37.53112
47.0614,95.62978,31.73095,-37.33729
47.0708,95.90215,31.62230,-37.14713
47.0800,96.17677,31.51306,-36.96069
47.0891,96.45370,31.40329,-36.77803
47.0982,96.73293,31.29304,-36.59920
47.1073,97.01437,31.18238,-36.42422
47.1163,97.29802,31.07139,-36.25313
47.1257,97.58383,30.96012,-36.08596
47.1351,97.87178,30.84862,-35.92272
47.1530,98.16180,30.73697,-35.76346
47.1626,98.45392,30.62522,-35.60816
47.1733,98.74808,30.51342,-35.45687
47.1827,99.04424,30.40167,-35.30961
47.1927,99.34230,30.29001,-35.16643
47.2021,99.64227,30.17849,-35.02734
47.2119,99.94405,30.06717,-34.89236
47.2219,100.24762,29.95607,-34.76149
47.2322,100.55293,29.84525,-34.63474
47.2425,100.85994,29.73475,-34.51212
47.2523,101.16859,29.62460,-34.39363
47.2626,101.47884,29.51484,-34.27929
47.2728,101.79063,29.40551,-34.16909
47.2825,102.10394,29.29663,-34.06301
47.2918,102.41875,29.18824,-33.96106
47.3012,102.73497,29.08036,-33.86322
47.3103,103.05257,28.97300,-33.76949
47.3195,103.37154,28.86620,-33.67986
47.3301,103.69179,28.75997,-33.59430
47.3396,104.01329,28.65432,-33.51279
47.3492,104.33603,28.54927,-33.43532
47.3589,104.65996,28.44481,-33.36185
47.3687,104.98491,28.34098,-33.29239
47.3788,105.31085,28.23777,-33.22691
47.3885,105.63771,28.13519,-33.16534
47.3985,105.96548,28.03324,-33.10767
47.4082,106.29414,27.93190,-33.05384
47.4178,106.62364,27.83118,-33.00381
47.4276,106.95398,27.73106,-32.95753
47.4372,107.28513,27.63152,-32.91494
47.4468,107.61707,27.53256,-32.87601
47.4568,107.94978,27.43416,-32.84069
47.4671,108.28326,27.33631,-32.80891
47.4770,108.61748,27.23899,-32.78065
47.4864,108.95241,27.14220,-32.75584
47.4960,109.28802,27.04592,-32.73444
47.5058,109.62431,26.95014,-32.71640
47.5152,109.96126,26.85485,-32.70168
47.5346,110.29883,26.76004,-32.69024
47.5444,110.63702,26.66570,-32.68202
47.5535,110.97581,26.57180,-32.67699
47.5628,111.31517,26.47836,-32.67510
47.5717,111.65509,26.38535,-32.67632
47.5819,111.99554,26.29276,-32.68059
47.5909,112.33653,26.20059,-32.68788
47.6004,112.67802,26.10883,-32.69815
47.6093,113.02000,26.01745,-32.71136
47.6185,113.36246,25.92646,-32.72748
47.6278,113.70537,25.83585,-32.74645
47.6381,114.04871,25.74560,-32.76825
47.6478,114.39247,25.65571,-32.79284
47.6580,114.73665,25.56617,-32.82018
47.6679,115.08122,25.47696,-32.85024
47.6778,115.42616,25.38809,-32.88298
47.6881,115.77147,25.29954,-32.91836
47.6976,116.11713,25.21130,-32.95636
47.7071,116.46312,25.12337,-32.99694
47.7171,116.80943,25.03573,-33.04006
47.7263,117.15605,24.94839,-33.08569
47.7361,117.50296,24.86132,-33.13381
47.7453,117.85016,24.77454,-33.18438
47.7553,118.19762,24.68801,-33.23736
47.7729,118.54533,24.60176,-33.29273
47.7831,118.89330,24.51575,-33.35046
47.7925,119.24149,24.42999,-33.41051
47.8020,119.58989,24.34447,-33.47287
47.8119,119.93851,24.25918,-33.53749
47.8210,120.28731,24.17412,-33.60435
47.8438,120.63629,24.08928,-33.67343
47.8446,120.98546,24.00465,-33.74469
47.8531,121.33478,23.92023,-33.81812
47.8623,121.68423,23.83599,-33.89365
47.8707,122.03381,23.75194,-33.97129
47.8809,122.38350,23.66807,-34.05098
47.8908,122.73317,23.58438,-34.13269
47.9002,123.08279,23.50089,-34.21637
47.9106,123.43239,23.41759,-34.30200
47.9199,123.78195,23.33450,-34.38955
47.9292,124.13147,23.25159,-34.47900
47.9387,124.48094,23.16890,-34.57030
47.9478,124.83035,23.08642,-34.66345
47.9572,125.17972,23.00415,-34.75840
47.9672,125.52902,22.92210,-34.85514
47.9767,125.87827,22.84027,-34.95361
47.9865,126.22743,22.75866,-35.05381
47.9956,126.57651,22.67727,-35.15569
48.0170,126.92552,22.59613,-35.25924
48.0176,127.27443,22.51524,-35.36441
48.0263,127.62329,22.43462,-35.47118
48.0357,127.97200,22.35423,-35.57950
48.0530,128.32062,22.27411,-35.68935
48.0620,128.66910,22.19426,-35.80069
48.0716,129.01749,22.11472,-35.91348
48.0815,129.36578,22.03553,-36.02769
48.0912,129.71397,21.95670,-36.14329
48.1009,130.06209,21.87826,-36.26025
48.1108,130.41011,21.80026,-36.37852
48.1202,130.75806,21.72271,-36.49806
48.1295,131.10591,21.64564,-36.61885
48.1394,131.45367,21.56908,-36.74084
48.1486,131.80136,21.49307,-36.86399
48.1582,132.14896,21.41763,-36.98827
48.1683,132.49649,21.34279,-37.11363
48.1786,132.84395,21.26860,-37.24004
48.1887,133.19131,21.19507,-37.36745
48.1979,133.53864,21.12225,-37.49583
48.2074,133.88586,21.05019,-37.62514
48.2169,134.23302,20.97890,-37.75534
48.2266,134.58014,20.90842,-37.88641
48.2367,134.92723,20.83879,-38.01830
48.2465,135.27429,20.77005,-38.15097
48.2567,135.62132,20.70221,-38.28438
48.2671,135.96831,20.63534,-38.41850
48.2775,136.31528,20.56945,-38.55328
48.2875,136.66220,20.50458,-38.68869
48.2971,137.00911,20.44077,-38.82468
48.3066,137.35596,20.37803,-38.96122
48.3159,137.70277,20.31642,-39.09826
48.3254,138.04956,20.25596,-39.23577
48.3351,138.39630,20.19669,-39.37371
48.3447,138.74300,20.13863,-39.51204
48.3636,139.08966,20.08183,-39.65072
48.3739,139.43628,20.02631,-39.78971
48.3837,139.78285,19.97211,-39.92898
48.3935,140.12938,19.91925,-40.06848
48.4039,140.47588,19.86777,-40.20818
48.4138,140.82231,19.81770,-40.34804
48.4235,141.16872,19.76908,-40.48802
48.4332,141.51506,19.72192,-40.62808
48.4428,141.86137,19.67627,-40.76818
48.4531,142.20761,19.63215,-40.90828
48.4631,142.55382,19.58959,-41.04834
48.4732,142.89993,19.54862,-41.18834
48.4835,143.24600,19.50927,-41.32823
48.4934,143.59201,19.47156,-41.46797
48.5034,143.93796,19.43552,-41.60752
48.5133,144.28381,19.40118,-41.74686
48.5235,144.62959,19.36856,-41.88593
48.5343,144.97530,19.33770,-42.02470
48.5440,145.32089,19.30860,-42.16312
48.5536,145.66641,19.28130,-42.30117
48.5633,146.01180,19.25581,-42.43877
48.5726,146.35703,19.23215,-42.57590
48.5823,146.70209,19.21035,-42.71250
48.5921,147.04700,19.19043,-42.84855
48.6015,147.39174,19.17242,-42.98400
48.6119,147.73633,19.15635,-43.11881
48.6216,148.08073,19.14220,-43.25294
48.6314,148.42496,19.13002,-43.38636
48.6412,148.76900,19.11982,-43.51902
48.6512,149.11287,19.11163,-43.65087
48.6614,149.45653,19.10544,-43.78188
48.6718,149.80000,19.10127,-43.91202
48.6815,150.14326,19.09912,-44.04125
48.6915,150.48633,19.09898,-44.16953
48.7016,150.82916,19.10088,-44.29682
48.7112,151.17178,19.10480,-44.42309
48.7214,151.51418,19.11076,-44.54831
48.7310,151.85634,19.11877,-44.67245
48.7410,152.19826,19.12882,-44.79546
48.7509,152.53995,19.14091,-44.91733
48.7606,152.88139,19.15503,-45.03803
48.7706,153.22256,19.17119,-45.15753
48.7806,153.56351,19.18940,-45.27580
48.7909,153.90419,19.20963,-45.39282
48.8008,154.24461,19.23189,-45.50856
48.8106,154.58478,19.25617,-45.62302
48.8206,154.92468,19.28247,-45.73615
48.8301,155.26431,19.31076,-45.84795
48.8397,155.60365,19.34105,-45.95841
48.8496,155.94273,19.37331,-46.06750
48.8596,156.28151,19.40753,-46.17523
48.8694,156.62001,19.44370,-46.28157
48.8791,156.95824,19.48180,-46.38651
48.8896,157.29616,19.52181,-46.49005
48.8997,157.63377,19.56373,-46.59217
48.9098,157.97110,19.60754,-46.69286
48.9195,158.30814,19.65322,-46.79211
48.9293,158.64485,19.70076,-46.88992
48.9392,158.98126,19.75014,-46.98626
48.9492,159.31735,19.80135,-47.08114
48.9594,159.65314,19.85437,-47.17453
48.9694,159.98862,19.90920,-47.26644
48.9790,160.32376,19.96582,-47.35685
48.9886,160.65857,20.02420,-47.44575
48.9980,160.99307,20.08435,-47.53313
49.0075,161.32722,20.14623,-47.61899
49.0171,161.66104,20.20985,-47.70331
49.0264,161.99452,20.27518,-47.78609
49.0369,162.32765,20.34221,-47.86732
49.0467,162.66042,20.41092,-47.94698
49.0558,162.99284,20.48132,-48.02506
49.0648,163.32491,20.55337,-48.10156
49.0825,163.65660,20.62707,-48.17646
49.0916,163.98792,20.70241,-48.24977
49.1006,164.31885,20.77937,-48.32146
49.1105,164.64940,20.85793,-48.39153
49.1237,164.97957,20.93810,-48.45997
49.1392,165.30934,21.01984,-48.52677
49.1400,165.63872,21.10314,-48.59193
49.1492,165.96768,21.18801,-48.65543
49.1580,166.29623,21.27441,-48.71726
49.1674,166.62437,21.36234,-48.77742
49.1765,166.95209,21.45178,-48.83590
49.1854,167.27937,21.54273,-48.89268
49.1950,167.60625,21.63516,-48.94778
49.2134,167.93266,21.72906,-49.00116
49.2228,168.25864,21.82443,-49.05283
49.2316,168.58415,21.92123,-49.10279
49.2411,168.90923,22.01947,-49.15100
49.2501,169.23383,22.11912,-49.19749
49.2593,169.55795,22.22018,-49.24223
49.2686,169.88162,22.32264,-49.28521
49.2779,170.20479,22.42646,-49.32643
49.2876,170.52748,22.53166,-49.36588
49.2973,170.84967,22.63820,-49.40355
49.3067,171.17137,22.74608,-49.43944
49.3158,171.49254,22.85528,-49.47354
49.3317,171.81322,22.96579,-49.50584
49.3405,172.13336,23.07759,-49.53633
49.3498,172.45299,23.19068,-49.56501
49.3587,172.77208,23.30503,-49.59187
49.3678,173.09062,23.42065,-49.61689
49.3768,173.40863,23.53752,-49.64006
49.3854,173.72609,23.65562,-49.66140
49.4025,174.04298,23.77495,-49.68088
49.4109,174.35933,23.89547,-49.69851
49.4192,174.67509,24.01719,-49.71429
49.4278,174.99030,24.14008,-49.72822
49.4369,175.30492,24.26412,-49.74030
49.4465,175.61897,24.38932,-49.75051
49.4553,175.93245,24.51566,-49.75887
49.4726,176.24535,24.64310,-49.76538
49.4808,176.55765,24.77162,-49.77005
49.4891,176.86937,24.90122,-49.77290
49.4983,177.18053,25.03188,-49.77393
49.5069,177.49110,25.16359,-49.77318
49.5159,177.80112,25.29634,-49.77064
49.5250,178.11057,25.43010,-49.76635
49.5349,178.41946,25.56487,-49.76031
49.5523,178.72781,25.70064,-49.75255
49.5619,179.03561,25.83739,-49.74309
49.5707,179.34286,25.97512,-49.73195
49.5796,179.64958,26.11380,-49.71913
49.5885,179.95576,26.25343,-49.70466
49.5986,180.26141,26.39397,-49.68857
49.6074,180.56653,26.53543,-49.67086
49.6162,180.87109,26.67776,-49.65157
49.6254,181.17514,26.82098,-49.63071
49.6417,181.47862,26.96501,-49.60833
49.6503,181.78154,27.10986,-49.58444
49.6597,182.08392,27.25551,-49.55903
49.6690,182.38577,27.40194,-49.53210
49.6775,182.68712,27.54915,-49.50367
49.6865,182.98793,27.69711,-49.47372
49.6956,183.28822,27.84579,-49.44227
49.7124,183.58803,27.99517,-49.40933
49.7215,183.88731,28.14522,-49.37490
49.7301,184.18611,28.29593,-49.33899
49.7389,184.48442,28.44725,-49.30159
49.7483,184.78226,28.59916,-49.26271
49.7582,185.07964,28.75164,-49.22235
49.7673,185.37653,28.90463,-49.18053
49.7763,185.67297,29.05812,-49.13722
49.7850,185.96899,29.21209,-49.09243
49.8025,186.26462,29.36647,-49.04614
49.8122,186.55986,29.52125,-48.99835
49.8219,186.85472,29.67639,-48.94905
49.8309,187.14925,29.83184,-48.89824
49.8404,187.44345,29.98760,-48.84588
49.8490,187.73735,30.14357,-48.79199
49.8575,188.03096,30.29974,-48.73655
49.8662,188.32430,30.45606,-48.67956
49.8753,188.61740,30.61250,-48.62100
49.8851,188.91026,30.76900,-48.56087
49.8947,189.20291,30.92552,-48.49918
49.9129,189.49533,31.08204,-48.43589
49.9225,189.78758,31.23848,-48.37104
49.9318,190.07965,31.39484,-48.30458
49.9412,190.37160,31.55107,-48.23652
49.9516,190.66342,31.70713,-48.16685
49.9604,190.95515,31.86297,-48.09557
49.9695,191.24680,32.01857,-48.02267
49.9784,191.53839,32.17387,-47.94814
49.9870,191.82994,32.32885,-47.87197
49.9974,192.12148,32.48346,-47.79417
50.0066,192.41298,32.63766,-47.71472
50.0164,192.70450,32.79141,-47.63363
50.0257,192.99606,32.94467,-47.55088
50.0349,193.28764,33.09741,-47.46648
50.0449,193.57930,33.24958,-47.38043
50.0622,193.87102,33.40114,-47.29271
50.0713,194.16283,33.55206,-47.20333
50.0808,194.45473,33.70230,-47.11229
50.0906,194.74673,33.85180,-47.01958
50.0993,195.03888,34.00055,-46.92521
50.1084,195.33116,34.14850,-46.82917
50.1170,195.62357,34.29562,-46.73146
50.1254,195.91614,34.44185,-46.63209
50.1422,196.20888,34.58718,-46.53105
50.1517,196.50180,34.73155,-46.42834
50.1606,196.79489,34.87494,-46.32397
50.1702,197.08820,35.01728,-46.21793
50.1802,197.38170,35.15857,-46.11022
50.1894,197.67543,35.29876,-46.00084
50.1995,197.96939,35.43780,-45.88980
50.2085,198.26357,35.57568,-45.77710
50.2175,198.55800,35.71234,-45.66274
50.2262,198.85266,35.84777,-45.54674
50.2360,199.14757,35.98193,-45.42908
50.2451,199.44272,36.11478,-45.30980
50.2643,199.73813,36.24630,-45.18888
50.2739,200.03377,36.37645,-45.06633
50.2834,200.32968,36.50521,-44.94218
50.2932,200.62585,36.63253,-44.81641
50.3026,200.92229,36.75840,-44.68904
50.3121,201.21898,36.88278,-44.56007
50.3216,201.51593,37.00564,-44.42952
50.3311,201.81314,37.12696,-44.29739
50.3406,202.11061,37.24669,-44.16369
50.3502,202.40836,37.36481,-44.02843
50.3599,202.70636,37.48130,-43.89161
50.3698,203.00461,37.59612,-43.75326
50.3793,203.30313,37.70925,-43.61337
50.3888,203.60191,37.82065,-43.47195
50.3986,203.90096,37.93031,-43.32902
50.4088,204.20027,38.03817,-43.18459
50.4181,204.49983,38.14423,-43.03867
50.4274,204.79967,38.24846,-42.89126
50.4367,205.09973,38.35081,-42.74239
50.4462,205.40007,38.45127,-42.59205
50.4554,205.70065,38.54982,-42.44027
50.4648,206.00148,38.64642,-42.28705
50.4831,206.30255,38.74105,-42.13241
50.4922,206.60387,38.83367,-41.97636
50.5012,206.90543,38.92427,-41.81890
50.5102,207.20720,39.01281,-41.66007
50.5191,207.50922,39.09927,-41.49986
50.5281,207.81145,39.18363,-41.33829
50.5373,208.11389,39.26586,-41.17538
50.5458,208.41655,39.34593,-41.01114
50.5547,208.71944,39.42382,-40.84558
50.5721,209.02251,39.49951,-40.67873
50.5808,209.32578,39.57297,-40.51058
50.5893,209.62924,39.64418,-40.34117
50.5982,209.93288,39.71311,-40.17049
50.6067,210.23674,39.77974,-39.99857
50.6154,210.54079,39.84406,-39.82541
50.6345,210.84502,39.90605,-39.65102
50.6445,211.14943,39.96567,-39.47543
50.6536,211.45401,40.02291,-39.29866
50.6635,211.75876,40.07774,-39.12071
50.6726,212.06364,40.13014,-38.94161
50.6819,212.36868,40.18009,-38.76139
50.6910,212.67386,40.22757,-38.58005
50.7001,212.97916,40.27256,-38.39762
50.7106,213.28458,40.31504,-38.21412
50.7198,213.59009,40.35498,-38.02956
50.7286,213.89571,40.39236,-37.84395
50.7376,214.20143,40.42714,-37.65731
50.7467,214.50723,40.45930,-37.46965
50.7557,214.81313,40.48883,-37.28096
50.7734,215.11913,40.51570,-37.09124
50.7824,215.42519,40.53990,-36.90052
50.7912,215.73132,40.56142,-36.70880
50.8001,216.03749,40.58030,-36.51608
50.8089,216.34361,40.59653,-36.32238
50.8177,216.64969,40.61016,-36.12775
50.8267,216.95575,40.62116,-35.93213
50.8357,217.26176,40.62951,-35.73551
50.8534,217.56770,40.63523,-35.53786
50.8618,217.87349,40.63832,-35.33917
50.8703,218.17908,40.63878,-35.13942
50.8787,218.48439,40.63660,-34.93856
50.8872,218.78926,40.63182,-34.73668
50.8955,219.09364,40.62444,-34.53370
50.9124,219.39748,40.61447,-34.32961
50.9207,219.70065,40.60191,-34.12440
50.9293,220.00314,40.58675,-33.91802
50.9372,220.30486,40.56898,-33.71040
50.9455,220.60573,40.54860,-33.50150
50.9616,220.90569,40.52559,-33.29126
50.9696,221.20467,40.49994,-33.07964
50.9779,221.50258,40.47167,-32.86662
50.9853,221.79935,40.44075,-32.65214
51.0011,222.09489,40.40718,-32.43616
51.0089,222.38913,40.37096,-32.21865
51.0165,222.68200,40.33208,-31.99954
51.0319,222.97344,40.29054,-31.77879
51.0395,223.26335,40.24633,-31.55639
51.0473,223.55164,40.19947,-31.33230
51.0621,223.83823,40.14994,-31.10649
51.0697,224.12300,40.09773,-30.87893
51.0771,224.40588,40.04285,-30.64959
51.0918,224.68675,39.98531,-30.41846
51.0991,224.96554,39.92509,-30.18553
51.1063,225.24213,39.86221,-29.95076
51.1207,225.51644,39.79666,-29.71415
51.1280,225.78835,39.72845,-29.47568
51.1353,226.05777,39.65758,-29.23534
51.1496,226.32459,39.58406,-28.99313
51.1568,226.58872,39.50789,-28.74903
51.1710,226.85004,39.42909,-28.50305
51.1783,227.10844,39.34759,-28.25506
51.1852,227.36382,39.26342,-28.00507
51.1994,227.61604,39.17659,-27.75309
51.2068,227.86501,39.08712,-27.49915
51.2211,228.11064,38.99504,-27.24324
51.2286,228.35281,38.90035,-26.98538
51.2359,228.59142,38.80309,-26.72560
51.2505,228.82636,38.70329,-26.46390
51.2579,229.05757,38.60098,-26.20027
51.2653,229.28494,38.49620,-25.93473
51.2801,229.50836,38.38899,-25.66732
51.2879,229.72774,38.27939,-25.39805
51.2956,229.94296,38.16745,-25.12697
51.3113,230.15393,38.05323,-24.85410
51.3188,230.36054,37.93676,-24.57949
51.3267,230.56270,37.81810,-24.30316
51.3427,230.76035,37.69728,-24.02510
51.3509,230.95341,37.57437,-23.74534
51.3590,231.14177,37.44941,-23.46394
51.3673,231.32534,37.32244,-23.18093
51.3762,231.50404,37.19355,-22.89637
51.3848,231.67777,37.06276,-22.61031
51.3946,231.84646,36.93016,-22.32280
51.4142,232.01000,36.79578,-22.03391
51.4245,232.16833,36.65972,-21.74369
51.4348,232.32134,36.52202,-21.45222
51.4355,232.46896,36.38276,-21.15956
51.4459,232.61113,36.24201,-20.86578
51.4557,232.74773,36.09983,-20.57096
51.4663,232.87872,35.95632,-20.27518
51.4772,233.00402,35.81151,-19.97852
51.4881,233.12356,35.66551,-19.68108
51.4987,233.23727,35.51838,-19.38290
51.5096,233.34509,35.37020,-19.08412
51.5208,233.44695,35.22107,-18.78481
51.5321,233.54278,35.07106,-18.48506
51.5432,233.63254,34.92029,-18.18497
51.5547,233.71617,34.76884,-17.88467
51.5554,233.79362,34.61681,-17.58422
51.5660,233.86484,34.46430,-17.28374
51.5773,233.92978,34.31141,-16.98335
51.5890,233.98842,34.15825,-16.68315
51.6004,234.04071,34.00491,-16.38326
51.6121,234.08663,33.85150,-16.08379
51.6237,234.12615,33.69810,-15.78485
51.6352,234.15926,33.54482,-15.48659
51.6360,234.18593,33.39177,-15.18910
51.6471,234.20616,33.23905,-14.89252
51.6588,234.21993,33.08675,-14.59698
51.6706,234.22726,32.93499,-14.30259
51.6827,234.22813,32.78387,-14.00950
51.6949,234.22257,32.63350,-13.71782
51.6957,234.21059,32.48400,-13.42770
51.7072,234.19219,32.33547,-13.13927
51.7198,234.16743,32.18801,-12.85265
51.7324,234.13632,32.04175,-12.56800
51.7449,234.09890,31.89678,-12.28544
51.7457,234.05521,31.75319,-12.00510
51.7575,234.00532,31.61111,-11.72715
51.7703,233.94926,31.47062,-11.45171
51.7828,233.88709,31.33184,-11.17892
51.7980,233.81891,31.19488,-10.90895
51.7988,233.74477,31.05985,-10.64191
51.8151,233.66476,30.92688,-10.37798
51.8160,233.57898,30.79607,-10.11730
51.8273,233.48753,30.66754,-9.86005
51.8381,233.39073,30.54129,-9.60630
51.8493,233.28866,30.41744,-9.35619
51.8617,233.18150,30.29604,-9.10985
51.8741,233.06935,30.17720,-8.86740
51.8865,232.95240,30.06100,-8.62896
51.8874,232.83076,29.94753,-8.39465
51.8990,232.70453,29.83694,-8.16464
51.9112,232.57401,29.72923,-7.93898
51.9236,232.43928,29.62452,-7.71780
51.9357,232.30061,29.52286,-7.50117
51.9365,232.15808,29.42442,-7.28926
51.9477,232.01183,29.32934,-7.08221
51.9597,231.86215,29.23764,-6.88003
51.9718,231.70921,29.14942,-6.68282
51.9836,231.55334,29.06467,-6.49061
51.9955,231.39474,28.98343,-6.30336
51.9963,231.23471,28.90528,-6.12070
52.0073,231.07236,28.83066,-5.94283
52.0189,230.90774,28.75941,-5.76964
52.0302,230.74086,28.69141,-5.60096
52.0411,230.57185,28.62649,-5.43665
52.0516,230.40083,28.56449,-5.27654
52.0623,230.22784,28.50531,-5.12054
52.0729,230.05296,28.44886,-4.96855
52.0838,229.87629,28.39502,-4.82043
52.0945,229.69789,28.34368,-4.67609
52.1064,229.51781,28.29477,-4.53545
52.1072,229.33614,28.24817,-4.39838
52.1179,229.15289,28.20384,-4.26483
52.1295,228.96811,28.16172,-4.13474
52.1411,228.78187,28.12170,-4.00798
52.1526,228.59422,28.08372,-3.88450
52.1644,228.40521,28.04771,-3.76422
52.1763,228.21492,28.01356,-3.64705
52.1771,228.02338,27.98122,-3.53291
52.1876,227.83063,27.95065,-3.42178
52.1988,227.63673,27.92174,-3.31354
52.2094,227.44175,27.89444,-3.20814
52.2198,227.24574,27.86867,-3.10548
52.2296,227.04872,27.84436,-3.00553
52.2393,226.85073,27.82150,-2.90823
52.2487,226.65178,27.80003,-2.81355
52.2577,226.45193,27.77991,-2.72142
52.2666,226.25118,27.76111,-2.63183
52.2752,226.04957,27.74360,-2.54473
52.2921,225.84710,27.72736,-2.46011
52.3004,225.64381,27.71236,-2.37791
52.3084,225.43961,27.69858,-2.29808
52.3164,225.23451,27.68600,-2.22059
52.3321,225.02853,27.67460,-2.14541
52.3395,224.82169,27.66436,-2.07251
52.3475,224.61402,27.65525,-2.00188
52.3618,224.40554,27.64725,-1.93349
52.3689,224.19625,27.64035,-1.86732
52.3758,223.98618,27.63453,-1.80335
52.3895,223.77532,27.62977,-1.74156
52.3965,223.56372,27.62605,-1.68193
52.4104,223.35139,27.62336,-1.62445
52.4173,223.13836,27.62170,-1.56911
52.4312,222.92461,27.62105,-1.51591
52.4381,222.71012,27.62146,-1.46486
52.4451,222.49489,27.62298,-1.41602
52.4590,222.27892,27.62560,-1.36939
52.4660,222.06215,27.62941,-1.32503
52.4800,221.84455,27.63444,-1.28295
52.4869,221.62609,27.64070,-1.24326
52.5011,221.40678,27.64823,-1.20593
52.5078,221.18661,27.65701,-1.17096
52.5148,220.96564,27.66705,-1.13824
52.5286,220.74387,27.67834,-1.10776
52.5356,220.52203,27.68999,-1.07877
52.5497,220.30000,27.70203,-1.05120
52.5566,220.07835,27.71372,-1.02452
52.5706,219.85716,27.72492,-0.99857
52.5775,219.63644,27.73563,-0.97334
52.5914,219.41611,27.74573,-0.94888
52.5983,219.19617,27.75531,-0.92516
52.6058,218.97664,27.76444,-0.90210
52.6196,218.75752,27.77316,-0.87968
52.6271,218.53882,27.78151,-0.85784
52.6415,218.32045,27.78954,-0.83656
52.6483,218.10239,27.79729,-0.81583
52.6552,217.88467,27.80485,-0.79558
52.6692,217.66731,27.81229,-0.77575
52.6761,217.45033,27.81967,-0.75629
52.6901,217.23375,27.82707,-0.73714
52.6971,217.01761,27.83458,-0.71822
52.7113,216.80199,27.84226,-0.69945
52.7182,216.58691,27.85020,-0.68075
52.7252,216.37244,27.85846,-0.66205
52.7393,216.15855,27.86713,-0.64324
52.7464,215.94531,27.87626,-0.62427
52.7617,215.73283,27.88591,-0.60503
52.7702,215.52115,27.89613,-0.58543
52.7783,215.31042,27.90695,-0.56539
52.7874,215.10078,27.91840,-0.54482
52.7959,214.89235,27.93050,-0.52361
52.8049,214.68535,27.94320,-0.50169
52.8219,214.47995,27.95650,-0.47896
52.8313,214.27780,27.97017,-0.45450
52.8414,214.07784,27.98392,-0.42912
52.8510,213.87975,27.99792,-0.40289
52.8602,213.68344,28.01223,-0.37583
52.8697,213.48888,28.02686,-0.34798
52.8796,213.29604,28.04182,-0.31934
52.8889,213.10487,28.05710,-0.28989
52.8985,212.91541,28.07270,-0.25967
52.9078,212.72760,28.08862,-0.22866
52.9171,212.54146,28.10486,-0.19688
52.9262,212.35695,28.12141,-0.16432
52.9355,212.17406,28.13826,-0.13100
52.9449,211.99277,28.15542,-0.09692
52.9621,211.81306,28.17288,-0.06209
52.9713,211.63495,28.19063,-0.02650
52.9802,211.45839,28.20868,0.00983
52.9893,211.28337,28.22702,0.04690
52.9985,211.10989,28.24564,0.08471
53.0085,210.93794,28.26455,0.12325
53.0175,210.76749,28.28373,0.16252
53.0266,210.59853,28.30319,0.20251
53.0358,210.43105,28.32292,0.24323
53.0451,210.26505,28.34292,0.28465
53.0625,210.10049,28.36319,0.32680
53.0712,209.93739,28.38372,0.36964
53.0801,209.77571,28.40451,0.41320
53.0888,209.61545,28.42555,0.45746
53.0982,209.45660,28.44685,0.50241
53.1076,209.29915,28.46840,0.54806
53.1169,209.14308,28.49019,0.59439
53.1254,208.98839,28.51223,0.64141
53.1423,208.83505,28.53451,0.68911
53.1507,208.68307,28.55703,0.73749
53.1593,208.53244,28.57978,0.78654
53.1681,208.38313,28.60276,0.83627
53.1776,208.23514,28.62597,0.88667
53.1866,208.08846,28.64940,0.93773
53.1963,207.94307,28.67306,0.98945
53.2056,207.79898,28.69694,1.04183
53.2221,207.65616,28.72104,1.09487
53.2308,207.51462,28.74534,1.14856
53.2406,207.37433,28.76986,1.20290
53.2501,207.23529,28.79459,1.25788
53.2590,207.09764,28.81977,1.31366
53.2692,206.96155,28.84563,1.37035
53.2781,206.82704,28.87220,1.42797
53.2869,206.69420,28.89960,1.48660
53.2960,206.56319,28.92812,1.54639
53.3053,206.43379,28.95741,1.60714
53.3224,206.30597,28.98745,1.66885
53.3315,206.17967,29.01823,1.73150
53.3402,206.05489,29.04973,1.79509
53.3490,205.93158,29.08194,1.85962
53.3578,205.80971,29.11486,1.92509
53.3664,205.68927,29.14849,1.99149
53.3817,205.57027,29.18279,2.05879
53.3895,205.45271,29.21775,2.12700
53.3979,205.33661,29.25337,2.19609
53.4052,205.22194,29.28962,2.26606
53.4199,205.10870,29.32650,2.33688
53.4271,204.99690,29.36397,2.40855
53.4409,204.88654,29.40204,2.48106
53.4479,204.77760,29.44069,2.55439
53.4550,204.67009,29.47990,2.62853
53.4689,204.56398,29.51967,2.70348
53.4758,204.45927,29.55999,2.77924
53.4898,204.35597,29.60085,2.85577
53.4970,204.25406,29.64224,2.93310
53.5107,204.15353,29.68415,3.01119
53.5176,204.05437,29.72658,3.09007
53.5246,203.95656,29.76953,3.16972
53.5385,203.86009,29.81298,3.25013
53.5455,203.76498,29.85693,3.33130
53.5594,203.67120,29.90137,3.41322
53.5663,203.57875,29.94628,3.49588
53.5803,203.48759,29.99163,3.57926
53.5872,203.39774,30.03743,3.66337
53.6011,203.30914,30.08365,3.74818
53.6081,203.22218,30.13093,3.83409
53.6150,203.13637,30.17839,3.92054
53.6291,203.05165,30.22602,4.00756
53.6359,202.96788,30.27360,4.09501
53.6500,202.88503,30.32114,4.18290
53.6569,202.80310,30.36863,4.27123
53.6716,202.72209,30.41608,4.36000
53.6781,202.64198,30.46347,4.44920
53.6850,202.56279,30.51081,4.53884
53.6990,202.48450,30.55811,4.62891
53.7071,202.40710,30.60534,4.71940
53.7206,202.33061,30.65252,4.81032
53.7275,202.25502,30.69965,4.90166
53.7417,202.18031,30.74672,4.99343
53.7490,202.10649,30.79372,5.08562
53.7559,202.03355,30.84066,5.17822
53.7697,201.96150,30.88753,5.27122
53.7767,201.89032,30.93434,5.36465
53.7906,201.82002,30.98108,5.45848
53.7975,201.75060,31.02774,5.55272
53.8115,201.68202,31.07434,5.64736
53.8183,201.61432,31.12086,5.74240
53.8253,201.54747,31.16731,5.83784
53.8392,201.48148,31.21368,5.93367
53.8461,201.41634,31.25998,6.02990
53.8600,201.35205,31.30619,6.12652
53.8669,201.28860,31.35231,6.22353
53.8809,201.22600,31.39837,6.32092
53.8878,201.16423,31.44432,6.41870
53.8947,201.10330,31.49020,6.51686
53.9091,201.04321,31.53598,6.61540
53.9159,200.98395,31.58168,6.71432
53.9299,200.92551,31.62728,6.81361
53.9369,200.86790,31.67277,6.91328
53.9514,200.81113,31.71816,7.01334
53.9582,200.75517,31.76344,7.11378
53.9652,200.70004,31.80861,7.21460
53.9792,200.64574,31.85367,7.31580
53.9867,200.59222,31.89864,7.41737
54.0010,200.53951,31.94352,7.51930
54.0080,200.48759,31.98830,7.62160
54.0150,200.43648,32.03299,7.72424
54.0292,200.38612,32.07762,7.82722
54.0360,200.33650,32.12219,7.93053
54.0500,200.28763,32.16669,8.03417
54.0570,200.23947,32.21117,8.13811
54.0708,200.19203,32.25560,8.24234
54.0778,200.14525,32.30002,8.34683
54.0847,200.09912,32.34445,8.45156
54.0986,200.05363,32.38887,8.55653
54.1056,200.00890,32.43365,8.66189
54.1195,199.96494,32.47886,8.76762
54.1264,199.92178,32.52488,8.87379
54.1405,199.87996,32.57276,8.98093
54.1473,199.83948,32.62249,9.08902
54.1612,199.80038,32.67416,9.19813
54.1682,199.76283,32.72813,9.30840
54.1752,199.72743,32.78592,9.42049
54.1890,199.69418,32.84755,9.53440
54.1969,199.66307,32.91297,9.65012
54.2056,199.63408,32.98211,9.76759
54.2196,199.60716,33.05489,9.88680
54.2264,199.58228,33.13119,10.00768
54.2403,199.55940,33.21097,10.13022
54.2472,199.53850,33.29412,10.25436
54.2612,199.51953,33.38054,10.38006
54.2681,199.50247,33.47016,10.50729
54.2750,199.48729,33.56289,10.63599
54.2891,199.47395,33.65864,10.76615
54.2967,199.46240,33.75731,10.89770
54.3105,199.45262,33.85881,11.03059
54.3173,199.44456,33.96303,11.16480
54.3312,199.43822,34.06994,11.30029
54.3383,199.43355,34.17946,11.43703
54.3452,199.43053,34.29153,11.57500
54.3591,199.42915,34.40610,11.71415
54.3662,199.42938,34.52311,11.85447
54.3801,199.43121,34.64251,11.99593
54.3871,199.43462,34.76424,12.13850
54.4010,199.43958,34.88827,12.28216
54.4079,199.44608,35.01455,12.42689
54.4148,199.45410,35.14304,12.57267
54.4288,199.46364,35.27369,12.71947
54.4356,199.47469,35.40651,12.86729
54.4496,199.48724,35.54150,13.01614
54.4565,199.50131,35.67869,13.16602
54.4704,199.51691,35.81807,13.31693
54.4773,199.53401,35.95963,13.46885
54.4913,199.55261,36.10334,13.62178
54.4982,199.57271,36.24919,13.77571
54.5051,199.59430,36.39717,13.93063
54.5191,199.61737,36.54725,14.08653
54.5268,199.64192,36.69946,14.24342
54.5406,199.66795,36.85378,14.40128
54.5475,199.69547,37.01020,14.56010
54.5614,199.72444,37.16869,14.71989
54.5683,199.75488,37.32927,14.88065
54.5753,199.78679,37.49192,15.04234
54.5892,199.82013,37.65660,15.20498
54.5961,199.85489,37.82323,15.36851
54.6100,199.89107,37.99184,15.53294
54.6169,199.92862,38.16232,15.69822
54.6310,199.96754,38.33467,15.86436
54.6381,200.00783,38.50882,16.03132
54.6449,200.04947,38.68441,16.19894
54.6590,200.09241,38.86156,16.36729
54.6660,200.13660,39.04027,16.53635
54.6800,200.18195,39.22055,16.70611
54.6875,200.22839,39.40229,16.87654
54.7014,200.27588,39.58558,17.04768
54.7083,200.32433,39.77037,17.21947
54.7154,200.37363,39.95665,17.39192
54.7294,200.42368,40.14435,17.56500
54.7363,200.47441,40.33334,17.73862
54.7504,200.52538,40.52222,17.91219
54.7573,200.57632,40.71000,18.08530
54.7712,200.62721,40.89663,18.25793
54.7783,200.67793,41.08154,18.42983
54.7852,200.72844,41.26474,18.60101
54.7992,200.77875,41.44625,18.77148
54.8061,200.82884,41.62611,18.94125
54.8202,200.87871,41.80435,19.11034
54.8272,200.92836,41.98099,19.27875
54.8415,200.97775,42.15608,19.44650
54.8485,201.02690,42.32962,19.61360
54.8555,201.07579,42.50165,19.78007
54.8694,201.12442,42.67219,19.94593
54.8772,201.17276,42.84128,20.11118
54.8914,201.22081,43.00893,20.27585
54.8999,201.26855,43.17519,20.43992
54.9077,201.31595,43.34008,20.60339
54.9159,201.36302,43.50366,20.76629
54.9308,201.40970,43.66594,20.92858
54.9400,201.45599,43.82698,21.09029
54.9495,201.50186,43.98679,21.25139
54.9584,201.54727,44.14540,21.41190
54.9677,201.59222,44.30286,21.57181
54.9770,201.63670,44.45919,21.73112
54.9866,201.68065,44.61441,21.88985
54.9959,201.72409,44.76857,22.04800
55.0057,201.76698,44.92170,22.20557
55.0152,201.80930,45.07383,22.36256
55.0336,201.85100,45.22499,22.51897
55.0436,201.89203,45.37523,22.67475
55.0527,201.93228,45.52452,22.82978
55.0622,201.97133,45.67269,22.98357
55.0716,202.00946,45.81986,23.13654
55.0808,202.04680,45.96611,23.28876
55.0900,202.08333,46.11145,23.44028
55.0994,202.11909,46.25591,23.59111
55.1098,202.15410,46.39950,23.74124
55.1192,202.18834,46.54223,23.89069
55.1286,202.22182,46.68412,24.03947
55.1385,202.25455,46.82517,24.18758
55.1479,202.28653,46.96540,24.33502
55.1576,202.31776,47.10482,24.48182
55.1668,202.34827,47.24343,24.62797
55.1764,202.37802,47.38126,24.77348
55.1858,202.40704,47.51830,24.91835
55.1949,202.43533,47.65457,25.06260
55.2051,202.46289,47.79007,25.20622
55.2225,202.48973,47.92483,25.34924
55.2321,202.51584,48.05884,25.49164
55.2415,202.54123,48.19212,25.63344
55.2519,202.56590,48.32467,25.77464
55.2618,202.58987,48.45651,25.91526
55.2728,202.61313,48.58764,26.05530
55.2822,202.63568,48.71807,26.19476
55.2911,202.65715,48.84846,26.33367
55.3013,202.67751,48.97886,26.47205
55.3104,202.69669,49.10939,26.60988
55.3196,202.71461,49.24016,26.74717
55.3298,202.73109,49.37151,26.88393
55.3392,202.74605,49.50356,27.02013
55.3490,202.75935,49.63649,27.15580
55.3584,202.77092,49.77047,27.29092
55.3680,202.78053,49.90586,27.42552
55.3788,202.78809,50.04287,27.55959
55.3878,202.79282,50.18274,27.69318
55.3969,202.79471,50.32551,27.82628
55.4062,202.79381,50.47113,27.95889
55.4154,202.79013,50.61953,28.09100
55.4255,202.78372,50.77069,28.22261
55.4354,202.77461,50.92453,28.35373
55.4451,202.76283,51.08103,28.48436
55.4620,202.74841,51.24014,28.61449
55.4711,202.73138,51.40181,28.74414
55.4801,202.71178,51.56600,28.87329
55.4893,202.68962,51.73264,29.00195
55.4995,202.66495,51.90170,29.13010
55.5089,202.63779,52.07313,29.25777
55.5182,202.60817,52.24688,29.38495
55.5274,202.57613,52.42292,29.51162
55.5365,202.54169,52.60118,29.63779
55.5458,202.50488,52.78164,29.76347
55.5553,202.46574,52.96425,29.88865
55.5652,202.42429,53.14897,30.01333
55.5750,202.38055,53.33575,30.13750
55.5930,202.33456,53.52456,30.26118
55.6029,202.28635,53.71534,30.38435
55.6131,202.23592,53.90806,30.50700
55.6223,202.18332,54.10268,30.62916
55.6312,202.12857,54.29915,30.75080
55.6403,202.07170,54.49745,30.87193
55.6498,202.01274,54.69752,30.99255
55.6594,201.95171,54.89934,31.11267
55.6689,201.88861,55.10287,31.23228
55.6781,201.82350,55.30807,31.35137
55.6881,201.75639,55.51490,31.46996
55.6972,201.68732,55.72334,31.58803
55.7066,201.61629,55.93334,31.70558
55.7158,201.54333,56.14487,31.82262
55.7253,201.46848,56.35790,31.93916
55.7348,201.39174,56.57239,32.05518
55.7535,201.31314,56.78832,32.17069
55.7631,201.23274,57.00566,32.28573
55.7723,201.15068,57.22413,32.40027
55.7817,201.06723,57.44361,32.51435
55.7915,200.98296,57.66288,32.62787
55.8011,200.89786,57.88188,32.74081
55.8105,200.81265,58.09950,32.85314
55.8200,200.72733,58.31572,32.96487
55.8304,200.64214,58.53008,33.07600
55.8408,200.55710,58.74260,33.18651
55.8514,200.47214,58.95330,33.29640
55.8620,200.38724,59.16227,33.40569
55.8727,200.30235,59.36952,33.51434
55.8835,200.21747,59.57510,33.62239
55.8945,200.13248,59.77901,33.72980
55.9052,200.04727,59.98124,33.83654
55.9061,199.96059,60.18159,33.94218
55.9163,199.87349,60.37996,34.04707
55.9274,199.78610,60.57650,34.15125
55.9385,199.69843,60.77129,34.25475
55.9496,199.61047,60.96437,34.35760
55.9607,199.52228,61.15577,34.45979
55.9718,199.43379,61.34552,34.56133
55.9832,199.34503,61.53362,34.66222
55.9943,199.25598,61.72010,34.76249
56.0056,199.16664,61.90497,34.86213
56.0064,199.07701,62.08826,34.96114
56.0166,198.98709,62.26999,35.05954
56.0276,198.89688,62.45016,35.15733
56.0388,198.80637,62.62880,35.25451
56.0500,198.71555,62.80593,35.35109
56.0612,198.62442,62.98156,35.44707
56.0720,198.53299,63.15570,35.54247
56.0832,198.44124,63.32837,35.63729
56.0942,198.34917,63.49960,35.73153
56.1051,198.25677,63.66938,35.82520
56.1058,198.16406,63.83775,35.91830
56.1162,198.07103,64.00470,36.01083
56.1274,197.97766,64.17027,36.10281
56.1381,197.88396,64.33445,36.19424
56.1491,197.78993,64.49727,36.28511
56.1602,197.69557,64.65873,36.37544
56.1713,197.60086,64.81886,36.46523
56.1823,197.50581,64.97766,36.55449
56.1933,197.41042,65.13514,36.64321
56.2042,197.31468,65.29132,36.73141
56.2152,197.21860,65.44622,36.81908
56.2159,197.12216,65.59983,36.90624
56.2262,197.02538,65.75218,36.99288
56.2372,196.92824,65.90327,37.07901
56.2483,196.83073,66.05312,37.16463
56.2594,196.73288,66.20173,37.24976
56.2704,196.63466,66.34912,37.33438
56.2815,196.53607,66.49530,37.41851
56.2926,196.43712,66.64029,37.50214
56.3034,196.33780,66.78408,37.58529
56.3145,196.23811,66.92669,37.66795
56.3254,196.13806,67.06813,37.75014
56.3262,196.03764,67.20841,37.83184
56.3365,195.93684,67.34754,37.91307
56.3475,195.83568,67.48552,37.99383
56.3586,195.73413,67.62239,38.07416
56.3695,195.63223,67.75815,38.15407
56.3806,195.52995,67.89282,38.23355
56.3916,195.42738,68.02654,38.31270
56.4025,195.32445,68.15923,38.39143
56.4136,195.22112,68.29088,38.46974
56.4245,195.11736,68.42148,38.54760
56.4357,195.01317,68.55102,38.62496
56.4366,194.90849,68.67950,38.70183
56.4470,194.80333,68.80690,38.77812
56.4585,194.69765,68.93319,38.85384
56.4699,194.59145,69.05838,38.92896
56.4817,194.48465,69.18241,39.00337
56.4935,194.37704,69.30497,39.07661
56.5057,194.26886,69.42623,39.14909
56.5064,194.16008,69.54628,39.22087
56.5174,194.05074,69.66515,39.29197
56.5295,193.94084,69.78287,39.36240
56.5415,193.83038,69.89944,39.43216
56.5535,193.71936,70.01487,39.50127
56.5655,193.60779,70.12917,39.56972
56.5663,193.49567,70.24234,39.63751
56.5775,193.38298,70.35440,39.70466
56.5895,193.26974,70.46534,39.77116
56.6015,193.15596,70.57517,39.83703
56.6136,193.04163,70.68390,39.90225
56.6258,192.92676,70.79153,39.96684
56.6266,192.81134,70.89808,40.03081
56.6372,192.69537,71.00354,40.09415
56.6473,192.57887,71.10792,40.15687
56.6576,192.46182,71.21124,40.21897
56.6685,192.34424,71.31349,40.28046
56.6794,192.22612,71.41468,40.34133
56.6907,192.10747,71.51481,40.40160
56.7020,191.98828,71.61390,40.46126
56.7149,191.86856,71.71195,40.52032
56.7156,191.74831,71.80896,40.57880
56.7271,191.62752,71.90493,40.63667
56.7367,191.50620,71.99988,40.69395
56.7483,191.38435,72.09381,40.75066
56.7585,191.26198,72.18672,40.80677
56.7698,191.13908,72.27861,40.86230
56.7811,191.01567,72.36950,40.91726
56.7925,190.89174,72.45938,40.97164
56.8042,190.76727,72.54827,41.02545
56.8151,190.64229,72.63616,41.07870
56.8160,190.51680,72.72306,41.13138
56.8266,190.39079,72.80897,41.18349
56.8382,190.26427,72.89391,41.23505
56.8491,190.13724,72.97786,41.28606
56.8606,190.00969,73.06085,41.33651
56.8719,189.88164,73.14286,41.38641
56.8832,189.75308,73.22392,41.43577
56.8945,189.62401,73.30401,41.48457
56.9087,189.49443,73.38315,41.53284
56.9095,189.36435,73.46134,41.58057
56.9245,189.23378,73.53858,41.62776
56.9344,189.10271,73.61487,41.67442
56.9444,188.97113,73.69022,41.72055
56.9547,188.83907,73.76464,41.76614
56.9554,188.70651,73.83811,41.81122
56.9659,188.57347,73.91065,41.85576
56.9762,188.43996,73.98226,41.89978
56.9867,188.30595,74.05294,41.94328
56.9977,188.17148,74.12268,41.98627
57.0088,188.03653,74.19152,42.02873
57.0199,187.90109,74.25943,42.07068
57.0312,187.76518,74.32642,42.11211
57.0418,187.62880,74.39251,42.15303
57.0527,187.49196,74.45768,42.19345
57.0638,187.35464,74.52195,42.23337
57.0750,187.21690,74.58531,42.27280
57.0758,187.07877,74.64772,42.31175
57.0858,186.94025,74.70921,42.35023
57.0965,186.80138,74.76976,42.38828
57.1075,186.66219,74.82936,42.42587
57.1183,186.52274,74.88798,42.46306
57.1292,186.38303,74.94564,42.49983
57.1401,186.24310,75.00231,42.53621
57.1510,186.10295,75.05800,42.57219
57.1621,185.96255,75.11273,42.60777
57.1746,185.82187,75.16652,42.64293
57.1856,185.68071,75.21946,42.67761
57.1865,185.53909,75.27153,42.71181
57.1972,185.39702,75.32274,42.74553
57.2072,185.25450,75.37310,42.77876
57.2181,185.11153,75.42262,42.81152
57.2294,184.96809,75.47128,42.84381
57.2407,184.82422,75.51909,42.87563
57.2518,184.67990,75.56607,42.90698
57.2632,184.53514,75.61220,42.93787
57.2740,184.38994,75.65750,42.96829
57.2851,184.24429,75.70195,42.99825
57.2859,184.09822,75.74557,43.02774
57.2974,183.95172,75.78836,43.05678
57.3083,183.80478,75.83032,43.08536
57.3185,183.65741,75.87145,43.11348
57.3304,183.50963,75.91175,43.14114
57.3404,183.36142,75.95124,43.16835
57.3510,183.21278,75.98989,43.19511
57.3620,183.06374,76.02774,43.22142
57.3732,182.91428,76.06476,43.24728
57.3841,182.76440,76.10097,43.27271
57.3951,182.61412,76.13637,43.29768
57.3958,182.46342,76.17096,43.32222
57.4064,182.31233,76.20474,43.34631
57.4175,182.16084,76.23771,43.36996
57.4284,182.00894,76.26988,43.39319
57.4396,181.85666,76.30124,43.41597
57.4507,181.70406,76.33178,43.43835
57.4619,181.55124,76.36143,43.46037
57.4731,181.39824,76.39020,43.48204
57.4845,181.24509,76.41808,43.50337
57.4957,181.09178,76.44506,43.52437
57.4965,180.93835,76.47113,43.54504
57.5072,180.78479,76.49632,43.56538
57.5183,180.63110,76.52060,43.58540
57.5298,180.47729,76.54399,43.60510
57.5409,180.32336,76.56650,43.62448
57.5520,180.16931,76.58812,43.64355
57.5632,180.01512,76.60887,43.66231
57.5748,179.86081,76.62873,43.68074
57.5756,179.70638,76.64772,43.69885
57.5858,179.55180,76.66584,43.71664
57.5971,179.39711,76.68309,43.73413
57.6082,179.24228,76.69948,43.75130
57.6194,179.08733,76.71501,43.76814
57.6308,178.93225,76.72967,43.78468
57.6418,178.77699,76.74345,43.80098
57.6530,178.62161,76.75637,43.81700
57.6645,178.46606,76.76844,43.83270
57.6760,178.31041,76.77967,43.84810
57.6769,178.15460,76.79006,43.86316
57.6871,177.99867,76.79963,43.87790
57.6982,177.84261,76.80835,43.89230
57.7096,177.68639,76.81628,43.90637
57.7208,177.53000,76.82341,43.92007
57.7325,177.37346,76.82974,43.93343
57.7435,177.21674,76.83529,43.94641
57.7549,177.05984,76.84008,43.95901
57.7557,176.90276,76.84412,43.97122
57.7663,176.74545,76.84741,43.98303
57.7776,176.58798,76.84996,43.99442
57.7890,176.43030,76.85178,44.00540
57.8002,176.27238,76.85289,44.01595
57.8115,176.11426,76.85331,44.02605
57.8228,175.95587,76.85305,44.03568
57.8340,175.79720,76.85215,44.04482
57.8460,175.63818,76.85062,44.05344
57.8468,175.47884,76.84848,44.06152
57.8570,175.31917,76.84574,44.06908
57.8681,175.15921,76.84238,44.07608
57.8796,174.99892,76.83842,44.08257
57.8911,174.83833,76.83387,44.08850
57.9020,174.67744,76.82871,44.09390
57.9133,174.51627,76.82297,44.09875
57.9245,174.35478,76.81664,44.10307
57.9357,174.19299,76.80971,44.10684
57.9365,174.03087,76.80220,44.11009
57.9470,173.86845,76.79411,44.11278
57.9582,173.70576,76.78545,44.11490
57.9696,173.54277,76.77623,44.11647
57.9811,173.37952,76.76646,44.11748
57.9922,173.21599,76.75614,44.11789
58.0028,173.05219,76.74528,44.11772
58.0140,172.88814,76.73390,44.11696
58.0253,172.72383,76.72200,44.11559
58.0261,172.55931,76.70960,44.11360
58.0370,172.39456,76.69670,44.11098
58.0480,172.22960,76.68333,44.10773
58.0593,172.06445,76.66949,44.10381
58.0707,171.89911,76.65519,44.09923
58.0821,171.73358,76.64044,44.09396
58.0936,171.56790,76.62524,44.08804
58.1050,171.40205,76.60962,44.08141
58.1058,171.23605,76.59359,44.07408
58.1169,171.06995,76.57714,44.06602
58.1281,170.90370,76.56031,44.05724
58.1395,170.73735,76.54310,44.04771
58.1509,170.57089,76.52552,44.03745
58.1624,170.40436,76.50756,44.02641
58.1739,170.23778,76.48927,44.01460
58.1853,170.07112,76.47062,44.00201
58.1861,169.90440,76.45166,43.98862
58.1970,169.73763,76.43236,43.97443
58.2082,169.57080,76.41275,43.95940
58.2195,169.40395,76.39285,43.94354
58.2328,169.23706,76.37265,43.92685
58.2455,169.07016,76.35215,43.90930
58.2462,168.90329,76.33139,43.89088
58.2582,168.73643,76.31037,43.87160
58.2708,168.56961,76.28907,43.85144
58.2833,168.40285,76.26754,43.83037
58.2954,168.23615,76.24576,43.80840
58.2962,168.06953,76.22374,43.78551
58.3077,167.90302,76.20150,43.76169
58.3200,167.73662,76.17905,43.73692
58.3321,167.57036,76.15638,43.71120
58.3444,167.40424,76.13353,43.68452
58.3571,167.23830,76.11047,43.65686
58.3578,167.07254,76.08724,43.62820
58.3690,166.90703,76.06384,43.59856
58.3812,166.74173,76.04028,43.56789
58.3937,166.57671,76.01656,43.53618
58.4059,166.41199,75.99269,43.50342
58.4067,166.24757,75.96869,43.46964
58.4182,166.08350,75.94455,43.43475
58.4306,165.91978,75.92029,43.39882
58.4430,165.75645,75.89592,43.36179
58.4552,165.59355,75.87142,43.32365
58.4560,165.43109,75.84683,43.28441
58.4677,165.26909,75.82213,43.24403
58.4800,165.10759,75.79734,43.20255
58.4921,164.94661,75.77246,43.15991
58.5042,164.78613,75.74749,43.11612
58.5166,164.62621,75.72244,43.07118
58.5173,164.46687,75.69732,43.02507
58.5290,164.30814,75.67211,42.97777
58.5413,164.15005,75.64684,42.92924
58.5541,163.99268,75.62150,42.87955
58.5662,163.83601,75.59610,42.82861
58.5669,163.68015,75.57065,42.77647
58.5790,163.52513,75.54515,42.72311
58.5913,163.37099,75.51960,42.66852
58.6040,163.21782,75.49399,42.61270
58.6166,163.06563,75.46833,42.55566
58.6174,162.91449,75.44261,42.49739
58.6291,162.76447,75.41683,42.43793
58.6414,162.61562,75.39098,42.37723
58.6541,162.46799,75.36506,42.31534
58.6662,162.32161,75.33905,42.25224
58.6669,162.17656,75.31296,42.18796
58.6787,162.03290,75.28677,42.12253
58.6911,161.89066,75.26046,42.05591
58.7032,161.74988,75.23404,41.98817
58.7156,161.61064,75.20747,41.91933
58.7164,161.47298,75.18074,41.84937
58.7277,161.33694,75.15385,41.77834
58.7391,161.20259,75.12677,41.70624
58.7506,161.06996,75.09948,41.63312
58.7619,160.93910,75.07196,41.55902
58.7730,160.81006,75.04421,41.48394
58.7844,160.68288,75.01617,41.40793
58.7955,160.55759,74.98785,41.33102
58.7964,160.43427,74.95921,41.25326
58.8066,160.31291,74.93023,41.17466
58.8174,160.19359,74.90088,41.09528
58.8282,160.07632,74.87114,41.01516
58.8390,159.96117,74.84098,40.93434
58.8499,159.84811,74.81038,40.85285
58.8600,159.73720,74.77929,40.77074
58.8703,159.62846,74.74769,40.68804
58.8805,159.52191,74.71556,40.60481
58.8908,159.41760,74.68286,40.52110
58.9010,159.31552,74.64956,40.43695
58.9110,159.21571,74.61562,40.35242
58.9210,159.11816,74.58101,40.26756
58.9309,159.02292,74.54570,40.18241
58.9408,158.92995,74.50965,40.09702
58.9506,158.83925,74.47283,40.01143
58.9602,158.75085,74.43522,39.92569
58.9699,158.66475,74.39680,39.83984
58.9802,158.58093,74.35752,39.75392
58.9897,158.49940,74.31737,39.66798
58.9992,158.42015,74.27631,39.58206
59.0088,158.34317,74.23433,39.49621
59.0181,158.26845,74.19138,39.41045
59.0274,158.19597,74.14745,39.32484
59.0365,158.12575,74.10250,39.23941
59.0453,158.05772,74.05653,39.15421
59.0629,157.99193,74.00949,39.06927
59.0720,157.92831,73.96135,38.98463
59.0812,157.86688,73.91211,38.90035
59.0907,157.80760,73.86171,38.81646
59.0999,157.75046,73.81017,38.73299
59.1097,157.69542,73.75743,38.64999
59.1191,157.64247,73.70349,38.56750
59.1290,157.59160,73.64831,38.48553
59.1388,157.54277,73.59188,38.40416
59.1482,157.49594,73.53418,38.32339
59.1579,157.45110,73.47515,38.24326
59.1676,157.40820,73.41481,38.16381
59.1778,157.36722,73.35312,38.08508
59.1875,157.32812,73.29006,38.00709
59.1971,157.29088,73.22561,37.92989
59.2069,157.25545,73.15974,37.85350
59.2165,157.22180,73.09244,37.77796
59.2263,157.18990,73.02370,37.70330
59.2362,157.15968,72.95349,37.62955
59.2461,157.13115,72.88179,37.55673
59.2558,157.10423,72.80858,37.48487
59.2659,157.07890,72.73384,37.41402
59.2758,157.05486,72.65734,37.34445
59.2855,157.03221,72.57924,37.27600
59.2953,157.01103,72.49958,37.20857
59.3052,156.99133,72.41840,37.14214
59.3150,156.97310,72.33569,37.07668
59.3250,156.95631,72.25147,37.01218
59.3444,156.94098,72.16574,36.94866
59.3542,156.92708,72.07850,36.88609
59.3640,156.91460,71.98975,36.82446
59.3737,156.90352,71.89951,36.76376
59.3835,156.89384,71.80778,36.70399
59.3932,156.88556,71.71457,36.64514
59.4030,156.87865,71.61987,36.58720
59.4129,156.87309,71.52370,36.53017
59.4226,156.86890,71.42607,36.47405
59.4322,156.86604,71.32699,36.41882
59.4421,156.86453,71.22647,36.36449
59.4519,156.86433,71.12450,36.31104
59.4619,156.86545,71.02111,36.25848
59.4711,156.86787,70.91629,36.20679
59.4809,156.87158,70.81005,36.15598
59.4907,156.87657,70.70242,36.10603
59.5002,156.88284,70.59339,36.05694
59.5101,156.89037,70.48297,36.00871
59.5199,156.89914,70.37117,35.96133
59.5295,156.90915,70.25799,35.91479
59.5391,156.92039,70.14345,35.86910
59.5490,156.93286,70.02755,35.82424
59.5587,156.94653,69.91031,35.78021
59.5684,156.96141,69.79174,35.73701
59.5782,156.97746,69.67183,35.69464
59.5882,156.99471,69.55062,35.65308
59.5978,157.01311,69.42809,35.61234
59.6075,157.03267,69.30426,35.57240
59.6173,157.05338,69.17913,35.53326
59.6271,157.07523,69.05272,35.49491
59.6369,157.09819,68.92503,35.45736
59.6466,157.12228,68.79607,35.42059
59.6563,157.14757,68.66581,35.38466
59.6662,157.17427,68.53415,35.34969
59.6761,157.20247,68.40107,35.31573
59.6860,157.23224,68.26657,35.28285
59.6957,157.26376,68.13055,35.25116
59.7055,157.29716,67.99298,35.22073
59.7152,157.33263,67.85379,35.19165
59.7251,157.37143,67.71238,35.16470
59.7349,157.41365,67.56878,35.13993
59.7547,157.45941,67.42294,35.11742
59.7555,157.50887,67.27478,35.09725
59.7736,157.56197,67.12436,35.07941
59.7832,157.61876,66.97164,35.06393
59.7930,157.67918,66.81666,35.05078
59.8023,157.74319,66.65946,35.03992
59.8118,157.81073,66.50006,35.03132
59.8222,157.88174,66.33849,35.02496
59.8321,157.95618,66.17479,35.02081
59.8420,158.03398,66.00898,35.01883
59.8518,158.11511,65.84110,35.01900
59.8612,158.19951,65.67116,35.02131
59.8709,158.28712,65.49920,35.02571
59.8801,158.37790,65.32521,35.03220
59.8894,158.47182,65.14920,35.04076
59.8987,158.56885,64.97123,35.05135
59.9079,158.66896,64.79133,35.06396
59.9171,158.77213,64.60958,35.07854
59.9260,158.87833,64.42604,35.09508
59.9349,158.98756,64.24076,35.11354
59.9527,159.09981,64.05380,35.13390
59.9615,159.21504,63.86522,35.15611
59.9703,159.33327,63.67505,35.18019
59.9793,159.45441,63.48331,35.20609
59.9878,159.57799,63.28981,35.23367
59.9972,159.70450,63.09482,35.26305
60.0065,159.83209,62.89798,35.29350
60.0157,159.96284,62.70008,35.32574
60.0247,160.09717,62.50179,35.35991
60.0411,160.23520,62.30369,35.39598
60.0543,160.37706,62.10632,35.43395
60.0692,160.52280,61.91024,35.47375
60.0701,160.67239,61.71608,35.51533
60.0781,160.82581,61.52436,35.55859
60.0863,160.98291,61.33570,35.60343
60.1006,161.14354,61.15068,35.64976
60.1077,161.30739,60.96988,35.69743
60.1147,161.47417,60.79386,35.74630
60.1286,161.64343,60.62312,35.79623
60.1354,161.81473,60.45815,35.84705
60.1493,161.98752,60.29934,35.89861
60.1562,162.16121,60.14706,35.95074
60.1703,162.33516,60.00156,36.00329
60.1773,162.50870,59.86304,36.05608
60.1913,162.68095,59.73157,36.10892
60.1983,162.84998,59.60445,36.16127
60.2053,163.01674,59.48390,36.21352
60.2194,163.18155,59.36998,36.26575
60.2263,163.34448,59.26260,36.31795
60.2403,163.50560,59.16167,36.37013
60.2473,163.66493,59.06710,36.42230
60.2613,163.82249,58.97879,36.47446
60.2682,163.97832,58.89668,36.52660
60.2752,164.13243,58.82066,36.57874
60.2891,164.28485,58.75065,36.63086
60.2961,164.43564,58.68657,36.68298
60.3099,164.58482,58.62832,36.73511
60.3169,164.73242,58.57585,36.78723
60.3311,164.87845,58.52906,36.83936
60.3380,165.02292,58.48787,36.89149
60.3450,165.16586,58.45223,36.94363
60.3590,165.30730,58.42205,36.99577
60.3665,165.44725,58.39726,37.04791
60.3809,165.58575,58.37779,37.10007
60.3875,165.72282,58.36358,37.15224
60.4015,165.85847,58.35461,37.20442
60.4095,165.99272,58.35083,37.25662
60.4166,166.12558,58.35221,37.30884
60.4305,166.25705,58.35872,37.36108
60.4374,166.38716,58.37030,37.41333
60.4513,166.51591,58.38694,37.46561
60.4583,166.64333,58.40859,37.51791
60.4652,166.76941,58.43518,37.57022
60.4792,166.89418,58.46666,37.62256
60.4861,167.01764,58.50297,37.67491
60.5000,167.13980,58.54407,37.72729
60.5069,167.26067,58.58988,37.77967
60.5209,167.38025,58.64034,37.83206
60.5281,167.49855,58.69539,37.88446
60.5352,167.61559,58.75499,37.93687
60.5496,167.73135,58.81909,37.98927
60.5567,167.84587,58.88765,38.04169
60.5709,167.95915,58.96062,38.09410
60.5781,168.07120,59.03795,38.14651
60.5852,168.18202,59.11960,38.19893
60.5998,168.29163,59.20552,38.25134
60.6068,168.40001,59.29570,38.30376
60.6209,168.50717,59.39009,38.35616
60.6276,168.61311,59.48866,38.40856
60.6347,168.71785,59.59137,38.46095
60.6487,168.82138,59.69817,38.51331
60.6560,168.92371,59.80906,38.56567
60.6700,169.02484,59.92398,38.61802
60.6932,169.12479,60.04289,38.67035
60.6954,169.22356,60.16574,38.72266
60.7392,169.32117,60.29247,38.77496
60.7406,169.41762,60.42304,38.82723
60.7425,169.51291,60.55738,38.87949
60.7442,169.60706,60.69545,38.93171
60.7458,169.70007,60.83719,38.98391
60.7623,169.79196,60.98254,39.03608
60.7654,169.88272,61.13145,39.08822
60.7837,169.97237,61.28386,39.14032
60.7861,170.06091,61.43973,39.19239
60.8162,170.14835,61.59900,39.24442
60.8188,170.23470,61.76160,39.29641
60.8206,170.31995,61.92750,39.34835
60.8226,170.40413,62.09664,39.40025
60.8375,170.48723,62.26896,39.45210
60.8392,170.56926,62.44440,39.50389
60.8500,170.65024,62.62292,39.55563
60.8600,170.73015,62.80447,39.60732
60.8693,170.80902,62.98899,39.65895
60.8773,170.88684,63.17643,39.71052
60.8863,170.96362,63.36674,39.76202
60.9012,171.03938,63.55986,39.81346
60.9083,171.11424,63.75555,39.86491
60.9152,171.18811,63.95385,39.91634
60.9291,171.26100,64.15471,39.96768
60.9363,171.33287,64.35796,40.01894
60.9505,171.40367,64.56365,40.07004
60.9585,171.47336,64.77176,40.12090
60.9661,171.54187,64.98221,40.17144
60.9810,171.60915,65.19501,40.22159
60.9888,171.67514,65.41014,40.27125
60.9966,171.73979,65.62756,40.32030
61.0052,171.80307,65.84722,40.36871
61.0231,171.86490,66.06910,40.41634
61.0318,171.92525,66.29310,40.46311
61.0403,171.98405,66.51921,40.50893
61.0496,172.04128,66.74738,40.55370
61.0585,172.09682,66.97754,40.59733
61.0681,172.15063,67.20964,40.63970
61.0773,172.20264,67.44362,40.68073
61.0865,172.25275,67.67942,40.72032
61.0965,172.30090,67.91697,40.75838
61.1063,172.34703,68.15620,40.79479
61.1161,172.39104,68.39705,40.82948
61.1262,172.43283,68.63942,40.86233
61.1362,172.47235,68.88325,40.89328
61.1463,172.50951,69.12848,40.92223
61.1567,172.54416,69.37503,40.94904
61.1665,172.57623,69.62284,40.97364
61.1769,172.60564,69.87180,40.99596
61.1877,172.63228,70.12181,41.01591
61.1995,172.65614,70.37281,41.03344
61.2116,172.67717,70.62474,41.04854
61.2227,172.69536,70.87754,41.06118
61.2347,172.71071,71.13118,41.07136
61.2463,172.72321,71.38562,41.07906
61.2472,172.73288,71.64081,41.08430
61.2581,172.73973,71.89671,41.08710
61.2701,172.74379,72.15328,41.08745
61.2815,172.74501,72.41047,41.08536
61.2937,172.74345,72.66826,41.08083
61.3054,172.73909,72.92659,41.07386
61.3063,172.73196,73.18544,41.06448
61.3174,172.72209,73.44474,41.05270
61.3289,172.70946,73.70447,41.03850
61.3408,172.69409,73.96460,41.02192
61.3521,172.67601,74.22509,41.00296
61.3635,172.65520,74.48590,40.98163
61.3750,172.63170,74.74699,40.95792
61.3761,172.60553,75.00826,40.93187
61.3891,172.57669,75.26969,40.90349
61.4001,172.54520,75.53122,40.87277
61.4117,172.51105,75.79284,40.83973
61.4236,172.47427,76.05450,40.80437
61.4357,172.43488,76.31618,40.76672
61.4366,172.39288,76.57782,40.72678
61.4475,172.34828,76.83941,40.68456
61.4588,172.30112,77.10089,40.64008
61.4693,172.25142,77.36223,40.59335
61.4797,172.19919,77.62341,40.54440
61.4905,172.14442,77.88437,40.49321
61.5010,172.08714,78.14507,40.43981
61.5115,172.02734,78.40548,40.38419
61.5221,171.96503,78.66554,40.32635
61.5330,171.90019,78.92522,40.26629
61.5438,171.83284,79.18447,40.20400
61.5548,171.76292,79.44325,40.13947
61.5557,171.69041,79.70139,40.07262
61.5664,171.61534,79.95897,40.00354
61.5772,171.53775,80.21602,39.93225
61.5882,171.45770,80.47253,39.85880
61.5991,171.37521,80.72849,39.78319
61.6091,171.29031,80.98391,39.70546
61.6195,171.20303,81.23877,39.62564
61.6308,171.11339,81.49308,39.54375
61.6412,171.02142,81.74683,39.45982
61.6519,170.92715,82.00000,39.37387
61.6623,170.83063,82.25261,39.28592
61.6725,170.73186,82.50463,39.19600
61.6830,170.63087,82.75606,39.10413
61.6935,170.52771,83.00690,39.01035
61.7046,170.42239,83.25711,38.91467
61.7156,170.31497,83.50666,38.81715
61.7166,170.20544,83.75557,38.71778
61.7272,170.09386,84.00382,38.61659
61.7382,169.98029,84.25136,38.51367
61.7491,169.86481,84.49816,38.40907
61.7597,169.74739,84.74424,38.30277
61.7708,169.62810,84.98957,38.19482
61.7817,169.50706,85.23407,38.08534
61.7921,169.38617,85.47622,37.97600
61.8024,169.26572,85.71583,37.86707
61.8132,169.14571,85.95295,37.75854
61.8238,169.02612,86.18760,37.65039
61.8343,168.90695,86.41982,37.54263
61.8449,168.78818,86.64965,37.43522
61.8457,168.66978,86.87713,37.32816
61.8560,168.55176,87.10229,37.22145
61.8666,168.43408,87.32516,37.11507
61.8775,168.31676,87.54577,37.00900
61.8882,168.19975,87.76416,36.90323
61.8993,168.08307,87.98034,36.79776
61.9101,167.96669,88.19436,36.69257
61.9209,167.85062,88.40625,36.58766
61.9316,167.73483,88.61602,36.48302
61.9432,167.61932,88.82370,36.37862
61.9540,167.50407,89.02934,36.27448
61.9645,167.38907,89.23294,36.17056
61.9754,167.27431,89.43454,36.06688
61.9762,167.15979,89.63417,35.96341
61.9860,167.04549,89.83184,35.86015
61.9965,166.93140,90.02758,35.75709
62.0071,166.81752,90.22141,35.65422
62.0177,166.70384,90.41336,35.55154
62.0282,166.59035,90.60344,35.44903
62.0404,166.47704,90.79169,35.34669
62.0521,166.36389,90.97812,35.24451
62.0636,166.25090,91.16275,35.14248
62.0753,166.13808,91.34561,35.04060
62.0761,166.02539,91.52671,34.93885
62.0865,165.91284,91.70607,34.83724
62.0981,165.80043,91.88371,34.73576
62.1092,165.68814,92.05966,34.63438
62.1205,165.57596,92.23393,34.53313
62.1317,165.46390,92.40654,34.43198
62.1429,165.35193,92.57750,34.33092
62.1547,165.24005,92.74682,34.22997
62.1555,165.12827,92.91455,34.12909
62.1656,165.01657,93.08067,34.02830
62.1764,164.90495,93.24522,33.92758
62.1877,164.79340,93.40821,33.82693
62.1992,164.68190,93.56965,33.72636
62.2100,164.57047,93.72956,33.62583
62.2213,164.45909,93.88797,33.52536
62.2326,164.34776,94.04486,33.42494
62.2437,164.23647,94.20027,33.32457
62.2548,164.12521,94.35420,33.22424
62.2556,164.01399,94.50668,33.12393
62.2668,163.90279,94.65771,33.02366
62.2776,163.79160,94.80731,32.92341
62.2887,163.68042,94.95549,32.82318
62.2995,163.56926,95.10226,32.72297
62.3107,163.45810,95.24765,32.62277
62.3218,163.34694,95.39164,32.52258
62.3329,163.23578,95.53428,32.42239
62.3441,163.12460,95.67556,32.32220
62.3552,163.01343,95.81549,32.22200
62.3568,162.90222,95.95408,32.12180
62.3665,162.79100,96.09135,32.02158
62.3775,162.67975,96.22731,31.92134
62.3888,162.56847,96.36197,31.82109
62.3999,162.45715,96.49534,31.72082
62.4111,162.34581,96.62744,31.62051
62.4223,162.23442,96.75825,31.52018
62.4333,162.12299,96.88781,31.41982
62.4444,162.01151,97.01612,31.31941
62.4554,161.89996,97.14320,31.21897
62.4562,161.78838,97.26904,31.11848
62.4666,161.67673,97.39366,31.01795
62.4775,161.56502,97.51706,30.91737
62.4886,161.45325,97.63926,30.81674
62.5000,161.34140,97.76027,30.71606
62.5111,161.22948,97.88009,30.61532
62.5222,161.11749,97.99873,30.51452
62.5333,161.00543,98.11621,30.41366
62.5443,160.89328,98.23252,30.31273
62.5553,160.78105,98.34768,30.21173
62.5563,160.66873,98.46170,30.11066
62.5666,160.55632,98.57458,30.00953
62.5776,160.44383,98.68634,29.90832
62.5887,160.33124,98.79696,29.80703
62.5997,160.21855,98.90648,29.70566
62.6109,160.10577,99.01489,29.60421
62.6220,159.99289,99.12220,29.50268
62.6329,159.87990,99.22842,29.40105
62.6441,159.76680,99.33355,29.29935
62.6551,159.65359,99.43760,29.19755
62.6559,159.54028,99.54058,29.09566
62.6663,159.42686,99.64250,28.99368
62.6775,159.31334,99.74336,28.89160
62.6883,159.19969,99.84317,28.78943
62.6994,159.08592,99.94192,28.68716
62.7104,158.97205,100.03964,28.58479
62.7215,158.85805,100.13632,28.48232
62.7332,158.74393,100.23198,28.37974
62.7436,158.62967,100.32661,28.27705
62.7545,158.51529,100.42022,28.17426
62.7656,158.40079,100.51283,28.07137
62.7665,158.28615,100.60443,27.96836
62.7768,158.17139,100.69503,27.86525
62.7879,158.05649,100.78465,27.76202
62.7990,157.94147,100.87327,27.65868
62.8101,157.82631,100.96092,27.55523
62.8210,157.71101,101.04759,27.45166
62.8310,157.59558,101.13328,27.34798
62.8535,157.48001,101.21801,27.24417
62.8542,157.36430,101.30178,27.14025
62.8637,157.24844,101.38459,27.03621
62.8739,157.13245,101.46646,26.93204
62.8834,157.01631,101.54736,26.82776
62.8937,156.90002,101.62733,26.72335
62.9036,156.78360,101.70636,26.61882
62.9134,156.66702,101.78445,26.51417
62.9235,156.55031,101.86161,26.40939
62.9337,156.43344,101.93786,26.30448
62.9435,156.31642,102.01320,26.19945
62.9533,156.19925,102.08761,26.09429
62.9638,156.08194,102.16111,25.98901
62.9739,155.96448,102.23372,25.88359
62.9882,155.84686,102.30542,25.77805
62.9890,155.72910,102.37622,25.67237
63.0055,155.61118,102.44612,25.56657
63.0065,155.49310,102.51513,25.46062
63.0175,155.37488,102.58326,25.35455
63.0273,155.25650,102.65052,25.24835
63.0370,155.13795,102.71690,25.14201
63.1078,155.01926,102.78241,25.03555
63.1222,154.90097,102.84658,24.92944
63.1240,154.78310,102.90944,24.82372
63.1249,154.66563,102.97096,24.71835
63.1259,154.54857,103.03117,24.61334
63.1278,154.43190,103.09008,24.50870
63.1293,154.31563,103.14770,24.40440
63.1305,154.19975,103.20402,24.30046
63.1447,154.08426,103.25906,24.19687
63.1456,153.96916,103.31282,24.09362
63.1571,153.85445,103.36529,23.99072
63.1579,153.74011,103.41650,23.88815
63.1690,153.62614,103.46644,23.78593
63.1798,153.51256,103.51513,23.68404
63.1899,153.39934,103.56257,23.58248
63.2004,153.28648,103.60876,23.48125
63.2104,153.17400,103.65371,23.38036
63.2201,153.06187,103.69743,23.27978
63.2298,152.95010,103.73993,23.17953
63.2400,152.83870,103.78120,23.07959
63.2494,152.72765,103.82125,22.97997
63.2584,152.61694,103.86009,22.88067
63.2678,152.50659,103.89772,22.78168
63.2771,152.39658,103.93414,22.68300
63.2870,152.28691,103.96937,22.58463
63.2966,152.17758,104.00340,22.48656
63.3059,152.06859,104.03625,22.38879
63.3155,151.95995,104.06791,22.29134
63.3255,151.85162,104.09840,22.19418
63.3355,151.74364,104.12771,22.09731
63.3454,151.63599,104.15585,22.00075
63.3554,151.52866,104.18283,21.90447
63.3653,151.42166,104.20864,21.80849
63.3753,151.31499,104.23330,21.71281
63.3859,151.20863,104.25680,21.61740
63.3964,151.10260,104.27916,21.52229
63.4061,150.99687,104.30037,21.42745
63.4153,150.89146,104.32043,21.33290
63.4251,150.78638,104.33937,21.23863
63.4350,150.68159,104.35717,21.14465
63.4449,150.57712,104.37385,21.05093
63.4548,150.47296,104.38940,20.95750
63.4649,150.36911,104.40384,20.86433
63.4746,150.26556,104.41714,20.77145
63.4944,150.16231,104.42933,20.67883
63.5042,150.05936,104.44043,20.58649
63.5141,149.95671,104.45041,20.49442
63.5240,149.85435,104.45929,20.40261
63.5341,149.75230,104.46707,20.31107
63.5442,149.65054,104.47375,20.21980
63.5543,149.54907,104.47935,20.12878
63.5642,149.44791,104.48387,20.03803
63.5747,149.34703,104.48730,19.94754
63.5846,149.24644,104.48965,19.85731
63.5941,149.14615,104.49092,19.76733
63.6041,149.04613,104.49112,19.67762
63.6140,148.94640,104.49025,19.58817
63.6262,148.84695,104.48831,19.49896
63.6269,148.74779,104.48530,19.41000
63.6372,148.64890,104.48124,19.32130
63.6483,148.55028,104.47613,19.23283
63.6591,148.45192,104.46997,19.14461
63.6699,148.35384,104.46275,19.05663
63.6807,148.25601,104.45448,18.96888
63.6915,148.15845,104.44517,18.88136
